mRNA_size	ORF_size	Fickett_score	Hexamer_score	coding_prob
ENST00000316084.10	1474	792	1.0669	0.333978709432	0.998715243490889
ENST00000373626.4	594	369	1.1073	0.300451405434	0.870740142366968
ENST00000527420.5	1868	1182	1.0632	0.140011218231	0.999944979086851
ENST00000490994.6	1961	1263	1.0256	0.152465447541	0.999976413631846
ENST00000533320.5	2033	1215	0.9281	0.135239682094	0.999937057457378
ENST00000525991.5	1587	1167	1.0134	0.157450030198	0.999931560161057
ENST00000539050.5	2024	1263	1.0256	0.152465447541	0.999976332016837
ENST00000628935.1	924	924	1.0831	0.1540501504	0.999197388889422
ENST00000465530.2	1390	564	0.9127	0.235360401547	0.951648005309733
ENST00000378442.5	1492	258	1.1255	0.321131745481	0.690971550249147
ENST00000466269.1	581	258	1.1255	0.321131745481	0.701534682535443
ENST00000379692.9	2902	1707	0.9027	0.175393132404	0.999999770206892
ENST00000515757.5	564	435	0.9274	0.197663910888	0.802765755976313
ENST00000278193.7	4842	594	1.1527	0.120139297473	0.962822734348506
ENST00000524596.1	4290	522	1.2249	0.0963965251233	0.929806708943028
ENST00000446879.5	1582	900	0.622	-0.00494259001462	0.986183093345905
ENST00000440822.2	500	273	0.7893	-0.0827947353266	0.0702274595851689
ENST00000318037.3	5347	1716	0.6249	0.120000513706	0.999999133629824
ENST00000437070.1	2202	1215	0.7226	0.047343034115	0.999780114651458
ENST00000642693.1	455	408	0.788	0.0516643013368	0.43562801545716
ENST00000622774.1	1997	444	0.7786	-0.0572858372853	0.346546073363225
ENST00000316754.8	3556	645	1.1348	0.320553972218	0.993629780158784
ENST00000555125.1	548	537	1.2085	0.33394852594	0.987153033544028
ENST00000522911.5	677	519	1.1533	0.271303251759	0.972423592167389
ENST00000521590.5	507	411	1.0436	0.264073476242	0.874554297306204
ENST00000532291.5	784	525	0.9486	0.353626919773	0.968262920164688
ENST00000528432.1	480	387	0.9162	0.260509219853	0.771008752977522
ENST00000530789.1	314	105	0.8163	-0.0385937498382	0.0164432934103633
ENST00000527742.1	676	228	0.811	0.381591288823	0.449305669139865
ENST00000543426.5	3394	2937	0.9036	0.21633165248	0.999999999999806
ENST00000359320.7	1200	471	1.3264	0.603674405715	0.996355060490364
ENST00000342473.8	725	225	1.2978	0.620954927593	0.947393762145325
ENST00000382809.2	378	378	1.3584	0.611691260644	0.991626929564896
ENST00000520099.5	1861	651	0.7881	-0.0223347107797	0.873682646121548
ENST00000522144.1	415	300	0.5412	-0.111304178715	0.0354097961546744
ENST00000426197.2	1049	948	1.0776	0.285688587508	0.999716594933933
ENST00000458626.4	4122	819	0.9311	0.306883349483	0.997934325226718
ENST00000313028.12	3505	3078	1.2422	0.474596218979	1
ENST00000529311.5	529	318	1.0994	0.366199546424	0.847127824374622
ENST00000532660.1	545	114	0.5602	-0.197845152458	0.00286466565218453
ENST00000646651.1	878	594	1.0439	0.140501248005	0.961581231909078
ENST00000643045.1	824	504	1.0381	0.135952688211	0.897384456608522
ENST00000459957.5	873	330	1.0737	0.524072413905	0.936853243883991
ENST00000463189.1	894	639	0.9047	0.415000213812	0.992670538727863
ENST00000442235.6	958	858	1.0156	0.394072107251	0.999504977778571
ENST00000467536.1	548	222	0.9503	0.15723761538	0.241433896219311
ENST00000407572.6	682	267	0.8607	0.11825268312	0.232514383941112
ENST00000463663.6	617	399	0.906	0.136913648267	0.635430307349739
ENST00000433307.2	3704	1215	0.9639	0.132177947596	0.999937883170489
ENST00000428278.6	2678	1605	0.8274	0.179756911379	0.999999102920107
ENST00000521652.5	2433	1506	0.8274	0.190142777055	0.999997484368687
ENST00000644480.2	8502	5016	1.1344	0.410523187012	1
ENST00000646322.1	2356	2067	1.1427	0.426310783323	0.999999999621042
ENST00000403870.7	2830	1116	0.8946	0.0598964794214	0.9996471968882
ENST00000465148.3	3959	1152	0.8946	0.0517149931342	0.999736305837765
ENST00000224337.9	1784	1371	1.0203	0.171092389585	0.999993653309225
ENST00000485193.1	625	408	0.994	-0.0186475483309	0.503799684586786
ENST00000495266.1	440	198	0.9918	0.0526321537191	0.130206147150289
ENST00000392499.6	1132	537	0.8077	0.30012989065	0.938361554065895
ENST00000307944.6	844	537	0.8077	0.30012989065	0.939268617792399
ENST00000617050.1	3262	2454	1.2378	0.347859285381	0.999999999993916
ENST00000518325.2	4759	2799	1.2074	0.385601343975	0.999999999999877
ENST00000487349.5	3179	1764	1.0201	0.145060945322	0.999999901107968
ENST00000389601.3	3175	1764	0.9442	0.146839444855	0.9999998729403
ENST00000622527.1	2588	2436	1.127	0.312471977291	0.999999999986976
ENST00000522605.1	4602	2796	1.1549	0.349897401841	0.999999999999812
ENST00000320591.9	2323	849	0.6683	0.255317591878	0.995484326582672
ENST00000534837.5	2695	831	0.7013	0.249028650151	0.994777228916019
ENST00000555557.5	1949	1368	1.0068	0.0500852579017	0.999985540126246
ENST00000216774.11	2187	1515	1.0122	0.0501285019228	0.999997224161074
ENST00000382849.2	2790	642	0.5593	0.0485911290688	0.805961026967254
ENST00000635017.1	2298	2145	1.2286	0.540733553814	0.999999999941377
ENST00000514556.5	728	528	1.0349	0.0803402305775	0.890295559187225
ENST00000515732.1	713	531	1.069	0.0795086758024	0.903841135045639
ENST00000506607.2	471	444	1.2264	0.536290787091	0.989999264394432
ENST00000616117.5	1941	1941	1.2556	0.580340262646	0.999999999596387
ENST00000519562.1	570	192	0.9896	0.0635404369416	0.128444622205307
ENST00000518023.5	582	378	0.8745	-0.0531112511488	0.281072129747322
ENST00000297581.2	1953	1413	0.9275	0.0225197395174	0.999986417506604
ENST00000518051.1	580	138	0.9155	-0.0771464252761	0.0258656383707314
ENST00000520080.1	696	138	0.9155	-0.0771464252761	0.0257058595426433
ENST00000554636.1	565	363	1.106	0.161651505738	0.730118645523284
ENST00000216456.6	1103	516	0.9126	0.299696745195	0.945239807979385
ENST00000291634.11	892	693	1.163	0.428495083744	0.998476230267616
ENST00000397826.7	880	648	1.1692	0.453065730023	0.997876837612715
ENST00000458015.1	643	609	1.149	0.319394489562	0.992221683343961
ENST00000202917.10	1631	1203	1.0306	0.295195846322	0.999981263282778
ENST00000551241.5	2416	1083	1.0603	0.279136375405	0.999925478917939
ENST00000553185.1	664	534	0.9991	0.232763692509	0.951011412343023
ENST00000319555.8	5432	3021	1.1551	0.510065313415	1
ENST00000562437.2	502	456	0.8716	0.316029145044	0.897332916544651
ENST00000302014.11	1356	1128	1.1661	0.375498033506	0.999983553583266
ENST00000512545.1	556	414	0.7868	0.122245164126	0.556465997961275
ENST00000401743.6	1648	1128	1.1661	0.375498033506	0.99998328814925
ENST00000560188.1	621	567	1.0028	0.0549683328416	0.906475246369775
ENST00000310673.4	1406	1053	0.9974	-0.000162153944946	0.999333238784091
ENST00000561467.1	465	87	1.259	-0.0272682178501	0.0626126429388483
ENST00000391916.7	2939	1890	0.7383	0.417925811097	0.999999987977287
ENST00000410105.2	3085	546	0.7796	0.496937763139	0.978413692790119
ENST00000261623.8	692	588	1.2272	0.581222110307	0.998452223097042
ENST00000565588.5	221	219	1.1842	0.400814981556	0.754715070916505
ENST00000370203.9	6805	792	0.8769	0.00348280545342	0.975945681490189
ENST00000455656.1	609	429	0.8868	-0.0514247339786	0.421305341973096
ENST00000580498.5	785	531	1.0914	0.209232595561	0.956938970915226
ENST00000300917.9	3263	2976	0.9945	0.114644915844	0.999999999999831
ENST00000624589.3	1456	1188	0.8697	0.350210544431	0.999972628469952
ENST00000625202.1	484	249	0.6999	-0.215652531873	0.0186108271372748
ENST00000371531.5	2245	1287	1.1045	0.41530344167	0.999997168521417
ENST00000224356.5	2117	1494	1.1121	0.415283866385	0.99999972968688
ENST00000344770.6	2084	1560	1.1845	0.297372770467	0.999999794526352
ENST00000429537.6	578	87	1.0272	-0.234751651606	0.00840535046091631
ENST00000451928.6	1897	1227	1.1966	0.293843297095	0.999991730693911
ENST00000417171.5	2230	1560	1.1845	0.297372770467	0.999999792874859
ENST00000397367.6	1004	627	1.0585	0.262898406848	0.987573142795274
ENST00000513623.5	665	570	1.0049	0.264985927361	0.972990146611458
ENST00000514524.2	656	543	0.9685	0.209259579353	0.943691555359472
ENST00000651391.1	966	627	1.0585	0.262898406848	0.987598687530722
ENST00000397366.5	969	627	1.0585	0.262898406848	0.987596672727622
ENST00000595791.5	585	474	1.1547	0.55041426294	0.991532129872401
ENST00000600291.5	559	393	1.2198	0.671553302557	0.991979492683111
ENST00000546919.5	775	693	1.07	0.311342780275	0.995764287362219
ENST00000549937.5	761	726	0.8093	0.23664367679	0.988770884667167
ENST00000547210.5	568	492	0.9668	0.290317279276	0.93930173903653
ENST00000550774.5	545	435	0.908	0.313714866955	0.885143556290858
ENST00000310144.11	1331	1221	1.1885	0.440352835167	0.999996376249989
ENST00000584320.5	804	795	1.2207	0.367994226477	0.999426277652963
ENST00000475381.6	4536	1227	1.1683	0.253791351531	0.999986565227198
ENST00000424772.2	921	852	1.0194	0.243038872442	0.99869715666127
ENST00000538775.5	4315	1347	1.0789	0.245747716331	0.999995046040243
ENST00000652007.1	1323	1323	1.1548	0.247653076893	0.999995815287768
ENST00000491148.5	1773	1254	1.1897	0.280804111368	0.999993269880565
ENST00000462345.5	584	297	1.2204	0.299807490709	0.815854802681706
ENST00000484877.1	561	459	0.853	0.0355573958057	0.606390881988278
ENST00000473621.5	3574	216	0.8791	0.0548319987187	0.0958037514912559
ENST00000194155.6	4126	2397	1.2548	0.407711339467	0.999999999992084
ENST00000624874.1	565	153	0.8186	-0.174288845407	0.0123275819142124
ENST00000453680.5	2873	951	1.1902	0.31899481756	0.999832131844284
ENST00000422110.6	2523	858	1.1466	0.333391833835	0.999503760925763
ENST00000547357.5	1665	1602	0.8463	0.06124450006	0.999998312205369
ENST00000550058.1	568	534	1.0791	0.0486332702792	0.893749104543806
ENST00000551722.1	765	477	0.7933	0.0437522373934	0.614506245546604
ENST00000215727.10	2203	1500	1.3067	0.370107430715	0.999999829199951
ENST00000406799.1	1798	1584	1.3067	0.352163529129	0.999999927223067
ENST00000330181.9	1165	1065	0.8858	0.279568483857	0.999845112758969
ENST00000351581.4	762	486	1.045	0.312268867643	0.955393108181248
ENST00000566424.1	1140	177	0.4753	-0.163637786038	0.00514121148161081
ENST00000338694.7	3389	1257	1.2471	0.449804662818	0.999997907767001
ENST00000575592.1	1587	819	1.2592	0.48158332531	0.999798671601019
ENST00000572291.1	492	339	0.9526	0.266985282157	0.698700698271952
ENST00000573966.1	818	243	0.5759	0.168710178691	0.104734086264951
ENST00000431187.5	559	528	1.2537	0.398388500344	0.991733764586839
ENST00000494986.5	615	507	0.8789	0.262417787259	0.919246563333675
ENST00000361134.2	2124	1800	1.2435	0.521577183811	0.99999999705968
ENST00000538474.5	2162	1800	1.2435	0.521577183811	0.999999997053548
ENST00000372090.6	1887	1533	0.9448	0.321123064598	0.999999456108425
ENST00000495703.5	2173	705	0.9754	0.242775925045	0.991635622454132
ENST00000569627.1	622	351	1.1719	0.495707922634	0.957391573353568
ENST00000563462.1	827	672	1.3518	0.651653961343	0.999741065941885
ENST00000374395.9	6863	726	0.9168	0.218929375038	0.987948573996102
ENST00000412742.5	667	522	0.7769	0.1630922426	0.837912009977125
ENST00000374393.4	382	348	0.8774	0.216097551972	0.593827801371917
ENST00000554998.5	1952	1635	0.6502	0.23349726367	0.999999180716487
ENST00000402312.7	1969	1635	0.6502	0.23349726367	0.999999179952451
ENST00000335290.10	2123	1635	0.6502	0.23349726367	0.999999172998644
ENST00000308418.8	2794	495	1.2096	0.52881551964	0.992860707104744
ENST00000533698.5	710	246	1.1194	0.535623455513	0.880150563443092
ENST00000395081.7	1409	1143	1.0623	0.324998072701	0.999972902277115
ENST00000563081.1	621	486	0.9047	0.214905960525	0.880534643871766
ENST00000565497.5	1348	1170	1.2482	0.609923955979	0.999998133207895
ENST00000570244.5	844	738	1.1621	0.61679873161	0.999705725322109
ENST00000369489.10	1086	753	0.6572	-0.0829544698713	0.908751014762193
ENST00000464088.5	874	714	0.5852	-0.096960420224	0.823550553627045
ENST00000321826.5	1788	1125	1.1288	0.559363087393	0.999993510381891
ENST00000471843.1	554	204	1.2961	0.569697731785	0.912807693858313
ENST00000511368.5	2682	1713	0.7517	0.193819574269	0.999999680519774
ENST00000513709.1	187	21	0.7979	-0.56045696692	0.000260067710817271
ENST00000428559.7	1644	957	1.028	0.152916085	0.999297200486418
ENST00000526530.1	1619	693	1.0614	0.169651873716	0.989273104069931
ENST00000416743.1	394	378	1.213	0.549750609018	0.980088737352475
ENST00000464886.1	373	291	1.2201	0.563023069316	0.953875326484643
ENST00000345535.8	762	486	1.045	0.312268867643	0.955393108181248
ENST00000564268.1	1140	177	0.5055	-0.176720952373	0.00526916750046219
ENST00000563616.1	578	105	0.5619	-0.0375110639212	0.00685347115501179
ENST00000578186.2	583	312	1.04	0.569366338126	0.935249503621545
ENST00000618193.1	1547	312	1.04	0.569366338126	0.931973980454968
ENST00000540372.5	2007	1542	1.2712	0.419078554866	0.999999911317489
ENST00000557573.1	883	771	1.2226	0.352123719173	0.999175735822625
ENST00000472901.1	691	579	1.0477	0.273815973573	0.979857180516778
ENST00000472702.1	628	243	1.3346	0.647929173889	0.967331262519159
ENST00000553861.1	667	228	1.206	0.474980279087	0.848817841904845
ENST00000357847.8	1395	717	1.0445	0.164642306954	0.991131568904285
ENST00000275235.8	1202	738	1.0086	0.133046470143	0.990495032583677
ENST00000572179.5	672	168	0.6339	0.0160676329825	0.0240537125825363
ENST00000572433.5	731	63	1.0018	-0.31130604998	0.00368624456631529
ENST00000570415.5	1115	732	1.0469	0.168233525964	0.992822388307347
ENST00000269385.9	3752	1170	0.9353	0.471238179555	0.999985469844943
ENST00000427800.2	665	525	0.5941	0.520345938725	0.961365844093114
ENST00000281453.10	2494	1257	1.0142	0.096004024522	0.999961948989163
ENST00000502461.1	723	156	0.6726	-0.289390154319	0.00383262611360496
ENST00000506535.1	585	219	1.0534	0.107094459784	0.244289243748674
ENST00000323977.7	2588	2043	0.9204	0.0953802176239	0.999999991952334
ENST00000393241.8	2604	2124	0.9588	0.0936873482574	0.999999997119546
ENST00000342483.5	2078	1497	0.7429	0.233714931795	0.99999719717816
ENST00000612342.4	2192	1425	0.7195	0.23379836602	0.999993161601172
ENST00000617266.2	1969	1095	0.9347	0.286310543383	0.999906147065275
ENST00000524970.5	581	495	0.9411	0.361847218945	0.957610625186391
ENST00000524659.1	570	456	1.203	0.465960549715	0.985463136459238
ENST00000373538.7	1504	1119	0.763	0.159910286497	0.999727821742299
ENST00000394125.8	1466	1119	0.763	0.159910286497	0.999728388105531
ENST00000651040.1	7770	3348	0.9361	0.216230117272	1
ENST00000479772.1	498	126	0.7392	-0.162995798491	0.00748690169110607
ENST00000361820.4	7771	3348	0.9361	0.216230117272	1
ENST00000374806.2	3366	522	1.2562	0.621862972974	0.997351103922706
ENST00000651357.1	522	522	1.2562	0.621862972974	0.997732709807728
ENST00000282849.10	5833	3666	0.5443	0.140429609032	1
ENST00000449265.2	1632	825	0.5608	0.146957828165	0.984279251090049
ENST00000562345.1	556	369	0.9816	0.114829350954	0.586590258907323
ENST00000592719.1	545	162	0.805	-0.180150841868	0.012565209046491
ENST00000587400.1	416	162	0.805	-0.180150841868	0.0126532722188244
ENST00000435339.3	2611	1113	0.9078	0.0160836354713	0.999550680249609
ENST00000607964.1	553	93	0.4169	-0.428818655874	0.000340958769395915
ENST00000336767.5	1926	1062	0.9196	0.056774180003	0.999425769487012
ENST00000510834.1	2380	360	0.7918	0.0787459090065	0.326501260534946
ENST00000648843.1	1290	891	0.8402	0.0706461708162	0.99547739976468
ENST00000389639.3	253	207	0.8553	0.0879867106089	0.114640671499827
ENST00000648094.1	2175	474	0.6749	-0.0259112348456	0.383323925516605
ENST00000513876.4	2174	474	0.6749	-0.0259112348456	0.383336886984011
ENST00000379341.9	956	816	0.9395	0.17168525	0.996044952427129
ENST00000439422.1	554	138	1.056	0.16837126814	0.160702309735542
ENST00000325333.10	1156	519	1.1176	0.470271353671	0.99025198814567
ENST00000543039.2	1707	519	1.1176	0.470271353671	0.989955990075402
ENST00000545125.1	1025	519	1.1176	0.470271353671	0.990321080966389
ENST00000592996.5	741	516	0.8484	0.511052403689	0.98072683485912
ENST00000591578.5	1592	843	1.2358	0.649862828646	0.9999398800025
ENST00000588740.5	1404	843	1.2358	0.649862828646	0.999940496516348
ENST00000527123.1	535	405	0.9341	0.152358177756	0.693768052536587
ENST00000613338.4	2029	957	1.2928	0.63231197174	0.999984279713466
ENST00000361818.9	2034	957	1.2928	0.63231197174	0.999984275403127
ENST00000351193.6	3049	1512	0.9191	0.0772203416343	0.999996480527891
ENST00000460469.1	3061	1512	0.9191	0.0772203416343	0.999996478211412
ENST00000477156.1	524	255	0.928	-0.0349766858863	0.117367211069856
ENST00000436645.1	812	255	1.2712	0.563426793538	0.941637836454482
ENST00000164024.5	11933	9939	1.0194	0.420044563362	1
ENST00000470999.1	564	231	0.7493	0.0308852054428	0.0755332894578676
ENST00000348411.3	1899	990	1.2164	0.481602873335	0.999964959137984
ENST00000496365.5	1287	594	1.1518	0.477498069482	0.996368770900339
ENST00000288607.2	1391	369	1.2634	0.487898029257	0.971788247578647
ENST00000404674.7	774	369	1.2634	0.487898029257	0.9727010933837
ENST00000477794.2	404	114	1.2849	0.797101757097	0.936497793389229
ENST00000650739.1	2531	2031	1.3189	0.525844590908	0.999999999829558
ENST00000361301.6	1230	1068	0.7771	0.22890023214	0.999702702957101
ENST00000222462.3	3150	1098	0.8949	0.247069048979	0.999859078948289
ENST00000430024.5	2651	1599	0.9092	0.0864838968285	0.999998727397983
ENST00000434822.1	1532	921	0.9409	0.103439496203	0.998097400074262
ENST00000399292.7	850	177	0.9469	0.0221793737928	0.076129503485944
ENST00000489469.5	780	300	0.688	-0.207510307632	0.0322177645896604
ENST00000652570.1	5529	342	0.7881	-0.0391181954638	0.13870554642619
ENST00000425695.5	885	669	1.117	0.258423137019	0.993479782288627
ENST00000218364.5	2694	2268	1.1819	0.340804574391	0.999999999940203
ENST00000314144.10	1847	1593	1.0421	0.104974051824	0.999999263779402
ENST00000577307.1	3353	375	1.0559	0.0308092765523	0.502479692724338
ENST00000242257.12	1601	741	0.958	0.268495658963	0.995060760066977
ENST00000407040.1	582	459	0.8694	0.191875320719	0.807854472227903
ENST00000440306.3	1570	741	0.958	0.268585724847	0.995071788082261
ENST00000512483.5	1144	171	0.7066	-0.130263943458	0.012960468262367
ENST00000503588.1	818	276	1.1003	0.105743785959	0.413164196390647
ENST00000310594.7	2184	1080	1.0563	0.555700767874	0.999985596022128
ENST00000397196.7	2238	1080	1.0563	0.555700767874	0.999985553310964
ENST00000542408.1	508	339	1.1647	0.246634715878	0.809673929558903
ENST00000428216.4	11731	1623	0.8695	0.311743335335	0.999999532174034
ENST00000416600.6	11596	1200	0.9211	0.305593498831	0.99995417708137
ENST00000555265.6	4614	3285	1.1719	0.240002414094	1
ENST00000281129.7	4461	3285	1.1719	0.240002414094	1
ENST00000525709.5	247	72	0.7582	-0.0326592297667	0.00974652577082635
ENST00000529381.1	515	204	0.9182	0.110481845686	0.149467133194479
ENST00000524567.1	1639	828	1.2181	0.253993998596	0.999163508552246
ENST00000457658.6	2417	225	0.5081	-0.0750235446869	0.0155577913452013
ENST00000440408.5	5284	159	0.4782	-0.177789990029	0.00311068670305951
ENST00000651177.1	9640	7668	1.0243	0.0232183765386	1
ENST00000493168.1	787	273	1.2331	0.213728115398	0.674870920498648
ENST00000504325.5	1098	816	0.7911	0.370671193507	0.998008662366185
ENST00000508682.5	1208	444	0.9995	0.385089970838	0.945573674784733
ENST00000206423.7	12430	2853	1.0191	0.321235595547	0.999999999999711
ENST00000469554.1	626	63	1.0696	-0.371015819488	0.00326145853214446
ENST00000279263.11	1722	1257	1.2771	0.430313829879	0.999998061937049
ENST00000345348.9	1490	1176	1.2987	0.443079267513	0.999995931574798
ENST00000371696.7	1546	837	1.3205	0.617723973587	0.999941793253421
ENST00000472820.1	808	516	1.35	0.586044248655	0.997784541557413
ENST00000538402.1	1357	837	1.3205	0.617723973587	0.999942393307097
ENST00000331456.7	2023	1410	1.1658	0.404508844818	0.999999389379409
ENST00000475495.1	511	243	1.1329	0.40694553274	0.77502192294824
ENST00000482582.5	820	798	1.2538	0.486731649815	0.99975891262294
ENST00000488860.1	326	237	1.1824	0.573933249811	0.914030211341308
ENST00000521514.5	1484	924	0.8905	0.154155139146	0.998394709642786
ENST00000521671.1	517	231	1.0591	0.0192456248608	0.181715834533848
ENST00000360295.13	4306	2982	1.0853	0.389548691844	1
ENST00000540419.5	3468	1296	0.7862	0.308426771038	0.999984311221699
ENST00000535262.1	807	255	0.8674	0.10198346214	0.196091285726071
ENST00000563675.5	273	66	0.7383	-0.204165544235	0.00302158113834928
ENST00000542583.7	4685	3021	0.7213	0.190348573817	0.999999999999822
ENST00000219821.9	3687	2283	1.1436	0.21935244463	0.999999999872691
ENST00000396229.6	4917	3021	0.7213	0.190348573817	0.999999999999819
ENST00000590237.1	451	228	0.8595	0.478201687739	0.636986132908065
ENST00000588024.1	576	552	1.1885	0.443343528432	0.993957610358088
ENST00000646150.1	3770	1548	0.8524	0.12712842144	0.999997724603186
ENST00000433395.6	1000	882	0.9019	0.0709307368868	0.99602506187796
ENST00000432231.1	753	474	0.8209	0.0539442945626	0.643452038097268
ENST00000460687.5	1022	789	1.1131	0.378406127235	0.999155547987578
ENST00000606181.1	606	525	1.2164	0.454715357327	0.993066015029683
ENST00000539253.5	2931	1053	1.1992	0.507527593975	0.999983385766621
ENST00000404603.5	715	381	0.9103	0.275766290835	0.769634672082566
ENST00000404532.5	853	678	1.35	0.577106034728	0.999616503751123
ENST00000544613.5	555	222	1.2592	0.480158270013	0.86751740096899
ENST00000544643.5	1759	339	1.1269	0.16321435493	0.677603060651798
ENST00000535476.6	488	222	1.2592	0.480158270013	0.86793905256723
ENST00000543128.5	1829	885	1.2772	0.485559321202	0.99991054406573
ENST00000524717.6	7121	3471	0.9537	0.15702338839	1
ENST00000618849.1	3154	2787	1.07	0.146386017913	0.999999999999117
ENST00000640868.1	2407	1563	0.9704	0.318519981278	0.999999627894812
ENST00000638555.1	427	327	1.1772	0.503687284319	0.948876575213687
ENST00000372183.7	1457	1239	0.9884	0.171468856856	0.999969599729917
ENST00000372182.6	705	591	1.0027	0.0978349776964	0.942406187114144
ENST00000458121.6	1260	1038	1.0588	0.498613585106	0.999969292248809
ENST00000219255.3	1248	1041	1.0588	0.497891480761	0.999970194989584
ENST00000533682.2	1828	1278	1.1952	0.330968785541	0.999996265060879
ENST00000533905.1	553	396	0.9856	0.376508447814	0.904982325448508
ENST00000302731.4	1634	1086	1.1494	0.3258246245	0.999961747196766
ENST00000254942.8	2996	1629	1.0589	0.31199676423	0.99999985916531
ENST00000566750.5	917	849	1.115	0.277689615759	0.999214479432307
ENST00000484801.5	2053	273	0.7417	-0.0851966322322	0.0548358624746559
ENST00000610330.1	632	387	1.0661	0.26002017946	0.848057293461343
ENST00000223357.8	4097	3477	1.1827	0.590448417202	1
ENST00000455443.5	751	135	0.9079	0.723713994027	0.761708651885414
ENST00000240285.10	3959	1026	1.2818	0.357835927155	0.999955641527986
ENST00000521928.5	436	186	0.9856	0.00162539796453	0.0859541067704259
ENST00000004982.6	1460	483	1.2374	0.538136154204	0.993479479987649
ENST00000592984.6	563	366	1.274	0.573814151363	0.983843412178856
ENST00000563206.5	1765	1455	1.295	0.420072164559	0.99999978789929
ENST00000393657.6	1717	1113	1.2752	0.41865211457	0.999989516864313
ENST00000355992.7	1692	1347	1.2862	0.442157010475	0.999999362432394
ENST00000591858.5	3658	900	0.7778	0.376330573633	0.999093360964347
ENST00000590335.1	2170	534	0.7305	0.225899201298	0.871669058120576
ENST00000586113.1	2182	534	0.6397	-0.0696374090968	0.452329917048652
ENST00000586615.5	3774	870	0.9341	0.386863289259	0.999301287503177
ENST00000589593.1	580	411	0.7767	0.380442135366	0.848636441214221
ENST00000404031.5	595	288	1.0494	0.220221941476	0.578057742101781
ENST00000452112.5	524	273	1.0361	0.226629094241	0.535916555052712
ENST00000401641.2	507	273	1.0361	0.226629094241	0.536148377756844
ENST00000498159.1	700	270	0.6515	-0.122212019135	0.0341599214348022
ENST00000468043.5	883	270	0.6515	-0.122212019135	0.0338304083803619
ENST00000650979.1	850	219	0.7112	0.0507905863526	0.0650628908721342
ENST00000461040.5	563	237	0.9868	-0.235250430804	0.0379154541597295
ENST00000651011.1	1197	402	0.7268	-0.111005217883	0.172955111499018
ENST00000426338.3	1448	402	0.7268	-0.111005217883	0.170995331265838
ENST00000312275.10	1109	357	0.595	0.0568695829608	0.182562814499361
ENST00000459838.6	1020	219	0.7112	0.0507905863526	0.0644981714043491
ENST00000482061.6	1926	756	0.7301	-0.0917784877619	0.922993796682343
ENST00000340171.7	1811	885	0.6459	0.00953534266873	0.986044377911401
ENST00000534941.2	1804	885	0.6459	0.00953534266873	0.986049658606014
ENST00000296932.12	6849	3582	0.6667	0.042740895715	1
ENST00000367609.7	6887	3753	0.7789	0.053224008366	1
ENST00000472054.2	1247	933	0.6487	0.00944988979684	0.992115122138656
ENST00000587156.5	554	549	1.1491	0.412533121399	0.991403387739972
ENST00000592971.1	300	273	0.9716	0.0148078895647	0.205619424657598
ENST00000616600.5	2267	2016	1.2459	0.637189953536	0.999999999869978
ENST00000614903.1	239	216	1.1001	0.391844048106	0.678093555765997
ENST00000543991.1	486	273	1.1274	0.221676953311	0.606034436212258
ENST00000535986.1	1096	1032	1.2215	0.197056289081	0.99988422565606
ENST00000538647.1	287	165	1.0072	0.0185499520039	0.0821354733885375
ENST00000416383.5	1272	1032	1.2215	0.197056289081	0.999883103121254
ENST00000528056.5	7218	834	1.2849	0.460594232323	0.999759044851677
ENST00000533551.5	1019	834	1.2849	0.460594232323	0.999828466059035
ENST00000495163.1	480	66	0.6085	-0.654696137474	0.000124424687853484
ENST00000472666.1	288	99	0.6572	-0.105278318691	0.00599948605290343
ENST00000380055.5	3609	1113	0.7658	-0.0830318280191	0.998588439215897
ENST00000482770.1	406	90	1.0716	0.0441428914242	0.0530511696131668
ENST00000217652.7	1229	516	1.2907	0.423478894245	0.992579682584834
ENST00000578611.5	1004	516	1.2907	0.423478894245	0.992669998038063
ENST00000228027.12	2407	1167	1.1666	0.435690689706	0.999992197611452
ENST00000605608.1	635	186	0.6829	0.239366785134	0.121771915705636
ENST00000376262.7	2324	1038	1.1822	0.454541110885	0.999972203177789
ENST00000479389.1	1481	1380	0.902	0.233796477223	0.999994199614831
ENST00000259808.9	4092	2016	1.0363	0.25491875566	0.999999996989011
ENST00000380409.2	3864	2016	1.0363	0.25491875566	0.999999997026419
ENST00000381192.10	1129	558	1.1541	0.36886021411	0.989739419209455
ENST00000647297.1	583	246	1.0303	0.290079903997	0.550737631257117
ENST00000645950.1	497	429	1.0205	0.239996398775	0.871919082104666
ENST00000361365.7	1339	435	1.0487	0.180733310962	0.842450970601083
ENST00000382772.3	746	384	1.1139	0.218907493987	0.831307474716516
ENST00000464196.5	3148	321	0.5962	-0.337538170091	0.0120939705027179
ENST00000593873.6	556	228	0.9763	-0.109944739389	0.0685068030592531
ENST00000598031.1	606	498	1.0469	0.134224985324	0.894085779711329
ENST00000341197.9	2491	1521	1.2686	0.466666428288	0.99999991292834
ENST00000423191.6	1709	1395	1.2883	0.451490323753	0.999999650081097
ENST00000372999.5	2519	1395	1.2883	0.451490323753	0.999999634189755
ENST00000435864.2	2262	1155	1.2748	0.432623911033	0.999993788756832
ENST00000395226.6	2631	1305	1.0133	0.187724742644	0.999987116268511
ENST00000264409.5	2928	1305	1.0133	0.187724742644	0.999986904743458
ENST00000493373.5	624	567	1.0434	0.301687288025	0.980320206545005
ENST00000338639.10	1127	570	1.0357	0.289027574144	0.97835089614777
ENST00000469225.1	711	204	1.103	0.19997388589	0.361367405861714
ENST00000294179.7	1794	1068	1.2653	0.478397569347	0.999987458858516
ENST00000488303.5	604	186	1.202	0.538919510985	0.83659899150821
ENST00000333703.8	4710	3114	1.0233	0.186595378071	1
ENST00000622698.4	4824	3114	1.0233	0.186595378071	1
ENST00000620615.4	329	30	0.9196	-0.110658369271	0.00661103810381194
ENST00000468618.6	750	648	0.9865	0.101899890871	0.967675838526618
ENST00000491975.5	683	312	0.7702	0.0163501414849	0.165051517615568
ENST00000446329.6	1728	1653	1.0403	0.01887404519	0.999999365764994
ENST00000357564.4	351	225	0.8813	0.131453729067	0.18320424292812
ENST00000262809.9	3970	1866	1.1303	0.580025145946	0.999999998388956
ENST00000610152.1	529	357	1.0281	-0.0313415193276	0.375287818025685
ENST00000596124.3	1852	1467	1.1019	0.591679854711	0.999999872021349
ENST00000222256.8	1528	663	1.3108	0.696533104309	0.999738954868601
ENST00000481914.2	579	345	1.2734	0.809486609578	0.9950399874204
ENST00000358825.9	6322	3483	1.0986	0.374018035583	1
ENST00000360871.7	6301	3471	1.0986	0.372760432836	1
ENST00000477256.5	1708	1677	1.1661	0.453017741227	0.999999977474268
ENST00000451427.1	583	450	0.9539	0.353700876341	0.931417592866348
ENST00000624234.3	2091	1695	1.1661	0.447867345936	0.999999980594975
ENST00000442282.1	691	189	0.6061	0.0612172450155	0.0358789225415962
ENST00000451726.1	355	153	0.6736	-0.0673804964568	0.0144417123962094
ENST00000376057.8	2801	711	1.1684	0.234241941826	0.995599311244561
ENST00000621990.4	2738	489	1.1917	0.330208835427	0.973506776590953
ENST00000509009.5	571	474	1.2258	0.348221922866	0.977727424942886
ENST00000513143.5	1305	363	1.2317	0.353039165857	0.927529956798383
ENST00000356613.4	2950	1191	1.2672	0.789342360994	0.999999491931075
ENST00000581404.1	407	141	0.9383	0.13648863123	0.098803289018218
ENST00000243563.8	1277	849	1.2586	0.523449308535	0.999890007678779
ENST00000596860.1	336	183	1.3082	0.545862715662	0.883138392453698
ENST00000475533.1	971	447	0.4838	0.2680003494	0.601870465930034
ENST00000444522.6	1199	774	0.7475	0.26921849851	0.993142897755973
ENST00000528439.5	473	276	0.903	0.231929296401	0.438714397619995
ENST00000528847.1	639	108	0.9762	0.428706922762	0.334344030520322
ENST00000441319.5	591	255	0.8862	0.00450747587241	0.127219931432037
ENST00000415165.6	1483	1254	0.9427	0.155289598005	0.999966759371079
ENST00000511370.1	1519	867	0.9536	0.14570564703	0.997425345689265
ENST00000486939.1	345	120	0.9772	-0.239155972097	0.0100751458047868
ENST00000621085.4	1418	1191	0.8742	0.103952985288	0.999884113134053
ENST00000319545.12	3027	969	1.263	0.576959255768	0.999977488320582
ENST00000040663.8	3178	1110	1.3152	0.583378593718	0.99999623422384
ENST00000395675.5	5804	888	0.9756	0.32576173979	0.999198258219917
ENST00000443457.1	504	336	0.5561	0.0255618580526	0.116610203578505
ENST00000454745.2	551	294	0.842	0.0756198888611	0.230040353119958
ENST00000380539.6	1315	1131	1.1565	0.324748597905	0.999977683091215
ENST00000644178.1	5620	1230	1.2637	0.312906020653	0.999993068041445
ENST00000506357.5	663	384	0.9239	0.0967761877725	0.550671541696771
ENST00000514133.1	599	252	1.0587	0.0295005482712	0.229088223841005
ENST00000245663.8	5185	1770	1.205	0.628006843375	0.999999997087934
ENST00000395104.5	5198	1770	1.205	0.628006843375	0.999999997085858
ENST00000474660.5	888	228	0.9989	0.082022820134	0.200168484724363
ENST00000477305.5	1531	507	0.9777	-0.0187843983169	0.734211511011367
ENST00000498618.5	557	141	0.4816	0.123592069328	0.0204041936591788
ENST00000461393.5	1508	507	0.9777	-0.0187843983169	0.734457539413098
ENST00000294066.7	7147	2463	1.3032	0.484582986723	0.99999999999763
ENST00000424945.5	1175	282	1.2419	0.545967148848	0.945636650229593
ENST00000262848.5	6031	1077	1.2673	0.465557157747	0.99998464154175
ENST00000496648.1	463	99	1.0391	-0.118396705763	0.0201777369510143
ENST00000305641.6	6957	2061	0.8695	0.179887124702	0.99999999403321
ENST00000567039.1	1545	798	0.6498	-0.0111006967993	0.960352894717059
ENST00000375618.8	712	510	0.7615	0.188354281969	0.832891931603797
ENST00000529167.5	3099	537	0.7299	0.14494520256	0.80299242590082
ENST00000332814.6	795	591	0.7609	0.171558670196	0.917126991010545
ENST00000446085.8	2470	816	0.9195	0.132630848261	0.994175548272698
ENST00000605071.5	725	270	0.6851	-0.0028635863845	0.0756305263970009
ENST00000447870.6	563	297	1.1308	0.340025003624	0.80609728440518
ENST00000416156.6	1669	396	0.8301	0.193160837448	0.632747547011666
ENST00000335879.5	753	753	1.2686	0.3152716532	0.998931983557556
ENST00000488146.5	2658	576	0.9466	-0.0363265564589	0.819446664938
ENST00000525124.1	582	102	0.7521	0.0245956320671	0.0183902443669806
ENST00000440632.5	1352	969	1.238	0.380475971911	0.999926253417736
ENST00000485200.1	590	522	1.3108	0.658045125178	0.998485191446798
ENST00000394765.7	1809	1167	1.29	0.67054758236	0.99999881340214
ENST00000592515.1	403	387	1.2439	0.461570118909	0.972561026531928
ENST00000345146.6	2382	1245	1.1797	0.235119488281	0.999989489546948
ENST00000446179.5	2298	1245	1.1797	0.235119488281	0.999989537844464
ENST00000451391.5	563	192	0.6068	0.0343463357999	0.0319493646132286
ENST00000266383.9	5068	2997	1.2177	0.441669019952	1
ENST00000544638.5	553	111	0.9382	-0.117737581013	0.016345983539913
ENST00000315614.11	5182	4683	1.1255	0.423945237712	1
ENST00000399464.7	5207	4689	1.1411	0.423124124805	1
ENST00000571508.5	637	291	1.0528	0.325924730019	0.730905170940395
ENST00000379143.10	1276	786	1.101	0.304559373686	0.998555655087623
ENST00000379160.3	1359	786	1.101	0.304559373686	0.99854907645853
ENST00000252011.8	3314	2112	1.0497	0.215188903467	0.999999998802209
ENST00000373323.8	2347	2019	1.0497	0.22675799879	0.999999997002676
ENST00000297157.8	1135	666	0.9946	0.314494978133	0.992589067896997
ENST00000448915.1	629	498	1.0508	0.234843724332	0.940247792309277
ENST00000601006.1	254	195	1.2579	0.776834602298	0.967373189395425
ENST00000601815.5	696	510	1.2283	0.563734558508	0.995906244380957
ENST00000520908.6	6069	5493	1.2752	0.411787122306	1
ENST00000524185.5	5656	3096	1.2826	0.359681458199	1
ENST00000523684.5	578	471	1.2487	0.429586502547	0.986882586613665
ENST00000263980.8	4737	2448	1.3284	0.604791321136	0.999999999998914
ENST00000490329.1	660	177	0.7328	-0.0648637489026	0.0229334377448957
ENST00000663595.1	2047	930	1.196	0.418303767054	0.999891118114484
ENST00000310473.9	1675	930	1.196	0.418303767054	0.999893316272613
ENST00000536983.5	1413	678	1.1547	0.397256262381	0.997695263142259
ENST00000545562.2	344	105	1.1482	-0.136660730161	0.028089047632368
ENST00000543714.5	567	138	1.2822	0.20302484616	0.339911777281612
ENST00000539330.1	608	111	0.7587	0.095542095768	0.0315282683548333
ENST00000370742.4	3539	2073	0.8283	-0.127035981377	0.999999967893472
ENST00000662530.1	576	213	0.9948	-0.0919029077634	0.0687843753742482
ENST00000659100.1	574	126	0.7546	-0.121827824868	0.010067271233484
ENST00000360774.6	8252	6069	0.8889	0.168690548189	1
ENST00000359047.2	1568	912	0.7785	0.0877230487341	0.995949165032177
ENST00000361255.7	8271	6054	0.8889	0.167851775432	1
ENST00000449912.6	8244	6054	0.8889	0.167435054504	1
ENST00000377075.3	4783	2328	1.315	0.585095624555	0.999999999995082
ENST00000496186.5	748	534	1.3261	0.538432441066	0.997383870078764
ENST00000504595.2	4580	1476	1.1206	0.592331463617	0.999999874496125
ENST00000329673.8	3960	1335	1.1547	0.600139982936	0.999999501855542
ENST00000410048.5	500	321	1.0076	0.198311899375	0.601606723546697
ENST00000410025.5	530	249	1.0175	0.239840581511	0.472809633840308
ENST00000409396.5	448	417	1.2552	0.350089817884	0.963158578659348
ENST00000335282.5	536	405	1.2189	0.352394515664	0.953174480390988
ENST00000481753.1	365	81	0.6504	0.133329193455	0.0200127275925795
ENST00000481247.6	8530	1839	0.8807	0.150767879675	0.999999910499083
ENST00000403056.2	1155	1155	0.7774	0.126231780946	0.999791621783242
ENST00000588161.5	1609	1353	1.031	0.456336386668	0.999998687544536
ENST00000262633.9	1692	1443	1.0582	0.44443479024	0.999999528573751
ENST00000592202.5	1469	1281	1.0372	0.450840073827	0.999997050235999
ENST00000586618.5	771	555	1.1432	0.509637309351	0.995376175296802
ENST00000487878.1	606	528	0.7347	0.140530855074	0.807036225024772
ENST00000481960.1	256	33	1.1264	-0.413894706107	0.00223324786545042
ENST00000462372.5	979	210	0.8886	0.258595701553	0.288980257215702
ENST00000393950.7	1154	708	1.1672	0.344740057129	0.997859822273464
ENST00000497456.1	571	114	1.2193	-0.113791698132	0.044286789154374
ENST00000379527.6	1016	708	1.1672	0.344740057129	0.997875921009575
ENST00000665125.1	711	189	0.7019	-0.05910389113	0.0243145215223185
ENST00000578794.2	2270	606	1.1559	0.365956584734	0.993517656789158
ENST00000397088.4	2613	1128	1.3676	0.631470235277	0.999998138969231
ENST00000617001.1	1900	1227	1.318	0.528015151177	0.999998685815609
ENST00000485154.1	792	201	0.9592	0.186525530998	0.234199168389112
ENST00000478891.1	856	369	0.9221	0.493986990289	0.919024380945986
ENST00000447300.1	1336	1275	0.9345	0.23197282468	0.999983160677389
ENST00000377708.7	3776	1005	0.9474	0.268813717799	0.999698158809097
ENST00000604202.1	3009	246	0.6738	0.0162306568726	0.0562487953171073
ENST00000508906.6	3733	879	0.9347	0.292631414837	0.998886078381614
ENST00000409381.5	3578	516	0.557	0.122270437643	0.601155603880321
ENST00000334166.9	4011	516	0.557	0.122270437643	0.59544962080686
ENST00000407149.7	1707	915	0.9572	0.234433790285	0.999122017521776
ENST00000509923.1	559	426	0.8063	0.193098229421	0.70226283676353
ENST00000505123.5	1298	705	0.7852	0.107228098243	0.965945916937257
ENST00000333219.8	5119	840	1.2849	0.725014747961	0.999959632821872
ENST00000375775.3	1074	633	1.2483	0.719830304886	0.999616482168743
ENST00000375774.3	2870	1269	0.9213	0.42309763632	0.999993571959089
ENST00000438150.2	5171	1998	0.8945	0.0547432213458	0.999999978536771
ENST00000542421.1	228	63	0.9838	-0.0460757475611	0.0175597137584372
ENST00000561907.5	518	381	1.1255	0.439507055445	0.950381810107393
ENST00000569628.5	2594	2082	1.2985	0.539312433115	0.99999999990443
ENST00000569792.5	856	714	1.2155	0.517527699261	0.999414940586872
ENST00000567615.1	1047	834	1.29	0.613634086541	0.999933303488402
ENST00000274711.7	6064	1551	0.653	0.0859287603584	0.999993629064028
ENST00000518785.1	1958	1149	0.6206	0.0977126215545	0.999524758760102
ENST00000523537.1	498	102	0.9287	0.0403700053832	0.0366757502300596
ENST00000372583.6	12617	7221	0.7445	0.273732864299	1
ENST00000372584.5	12319	7218	0.7445	0.273518728393	1
ENST00000491442.5	1731	213	0.5878	0.1148036806	0.0563863468865459
ENST00000534312.5	572	393	0.7548	0.205439883256	0.595210817609141
ENST00000527926.5	633	327	0.795	0.166798752292	0.38886156721969
ENST00000525763.5	789	387	0.6605	0.131900084667	0.385846826986924
ENST00000533181.1	424	45	0.9315	-0.186873328257	0.00511095256363375
ENST00000506197.2	935	255	0.7938	-0.156430831831	0.0376964233325216
ENST00000514384.1	774	255	0.7938	-0.156430831831	0.0380179668073878
ENST00000601575.5	2887	1104	0.5463	0.108847187114	0.999001508195444
ENST00000331256.9	2966	1317	0.8989	0.39575677295	0.99999518349487
ENST00000584246.1	380	171	1.2513	0.358244705829	0.634405458131608
ENST00000335464.9	4745	1491	1.2822	0.556149472665	0.999999923593611
ENST00000406549.7	1803	1365	0.8632	0.424543436694	0.999997491598957
ENST00000621062.4	2483	2046	0.7407	0.408769652253	0.999999997853617
ENST00000382369.9	1420	987	1.3132	0.431522581332	0.999965738237845
ENST00000360321.7	1576	1092	1.2741	0.412682883879	0.999986305526349
ENST00000400269.4	1608	1089	1.2741	0.408729578157	0.999985468781594
ENST00000596288.6	3169	2562	1.2289	0.468894099791	0.999999999999105
ENST00000616552.4	3208	2562	1.2289	0.468894099791	0.999999999999104
ENST00000269187.10	3566	2268	1.0214	0.0807599045466	0.999999999471491
ENST00000590986.5	3003	2268	1.0214	0.0807599045466	0.999999999487557
ENST00000532119.5	562	195	1.0554	0.522246444649	0.755764874788355
ENST00000317594.6	1567	438	0.8443	0.23416921105	0.788732646000244
ENST00000651296.1	6831	6162	1.2375	0.578965198213	1
ENST00000321322.6	6899	6342	1.2123	0.564566199891	1
ENST00000525836.1	583	198	1.1655	-0.130020838307	0.0819160747003222
ENST00000391881.7	1546	879	1.2898	0.635981925257	0.999963796027786
ENST00000474049.1	576	432	1.2316	0.690608220254	0.995545608733433
ENST00000473787.5	587	315	0.8754	0.167621956092	0.425145922214869
ENST00000619830.1	1652	1011	1.3518	0.443108216648	0.999978352494019
ENST00000313597.9	1544	1263	1.1619	0.390289142082	0.999996596530156
ENST00000358215.8	1823	1263	1.1619	0.390289142082	0.999996544064016
ENST00000435316.5	786	747	1.1008	0.343951313474	0.998286578724145
ENST00000481170.1	4942	348	0.8077	-0.0885990429952	0.123524505863551
ENST00000622191.1	1473	1200	0.9363	0.30406415303	0.99997480535453
ENST00000578473.5	2482	747	1.0918	0.429600438288	0.998845891614645
ENST00000579893.1	558	492	1.2348	0.63096853378	0.996765938769898
ENST00000332884.11	4768	1635	1.0733	0.210267528781	0.999999743967949
ENST00000508453.1	3125	1008	0.946	0.114292198204	0.999277493232762
ENST00000375159.6	5403	5403	1.0293	0.086885033261	1
ENST00000620763.1	5400	5400	1.0293	0.08491223432	1
ENST00000356432.7	1205	882	0.94	0.429211773631	0.999597739439093
ENST00000475280.1	510	309	0.8113	0.226238232428	0.442788539996036
ENST00000219431.4	1193	897	0.9741	0.427541813617	0.999694696268873
ENST00000397817.5	1039	846	0.9741	0.435468350015	0.999489629909742
ENST00000585809.5	1608	1335	1.2602	0.558681441626	0.999999608559889
ENST00000591985.6	1498	798	1.2328	0.446969343328	0.999657622844512
ENST00000591155.1	417	153	0.6079	-0.146739670128	0.00714239217427127
ENST00000573283.7	1919	1128	1.3306	0.73171603833	0.999998892279347
ENST00000576209.5	1698	999	1.3306	0.766978495953	0.999996258711926
ENST00000652647.1	3362	2550	1.0637	0.480036482817	0.999999999998292
ENST00000562103.2	3366	2715	1.1346	0.48277453858	0.999999999999792
ENST00000572525.5	611	339	1.2136	0.599921640672	0.977126886047881
ENST00000571457.1	552	390	1.2024	0.462423935036	0.969394314746609
ENST00000561640.5	514	390	1.1155	0.159064864608	0.788706097509979
ENST00000200691.4	569	210	0.8809	0.0448115803547	0.0995974622423531
ENST00000530862.6	1871	1722	0.9051	0.0515464562423	0.999999613901107
ENST00000531792.5	1656	1338	0.9852	0.0588603823068	0.99997966894543
ENST00000530273.5	410	162	0.9052	0.0400014016535	0.0644391102808278
ENST00000529909.1	439	240	1.1282	0.0618949322632	0.288477245257901
ENST00000458035.2	6351	2913	0.8361	0.0926447830024	0.999999999999203
ENST00000595091.6	4413	2913	0.8361	0.0926447830024	0.999999999999283
ENST00000377868.6	2063	1623	1.1875	0.408514733774	0.999999948860739
ENST00000536626.7	2075	1581	1.1641	0.414055698432	0.999999914189758
ENST00000432094.6	4061	2241	0.893	0.0983698456543	0.999999998972353
ENST00000613950.1	646	213	0.9247	0.0777952144551	0.139287069240593
ENST00000334095.4	3681	2079	0.9271	0.0895059111032	0.999999994215961
ENST00000454407.5	3967	2241	0.893	0.0983698456543	0.999999998977636
ENST00000439288.5	646	600	1.0284	0.0422925188077	0.934041302471307
ENST00000465319.1	734	243	0.6867	-0.0342399833412	0.0478477193994204
ENST00000395296.5	869	627	1.3306	0.565482182047	0.999221162837732
ENST00000591894.5	864	360	1.3095	0.613090847356	0.987705397290485
ENST00000588003.5	510	258	1.289	0.644416709576	0.967197697603742
ENST00000409409.5	974	318	1.0822	0.195853654496	0.644477728259057
ENST00000413447.1	498	303	1.0545	0.223071799305	0.62780587477782
ENST00000485401.5	513	216	0.8036	0.0424608836451	0.0822441841054893
ENST00000457880.6	3335	681	1.0924	0.1469354991	0.986141279807398
ENST00000579025.1	241	75	1.0382	0.475005424051	0.367885000883991
ENST00000578272.1	701	330	1.0537	0.228293301637	0.69903008877179
ENST00000392028.8	1515	591	1.2502	0.341971832968	0.99385084315686
ENST00000601217.1	398	114	0.476	-0.222865056802	0.00185789037717085
ENST00000526093.5	930	621	1.233	0.289285095753	0.99378140918837
ENST00000534009.1	516	444	1.0764	0.28026346433	0.925660030055372
ENST00000233121.6	1892	846	1.2568	0.415090799399	0.999771546886909
ENST00000402218.1	1001	801	1.193	0.414587111409	0.999550249680511
ENST00000374338.4	2940	927	1.2724	0.538066977699	0.999956063894042
ENST00000485476.2	238	168	1.1536	0.708792104927	0.910178456520775
ENST00000462394.1	369	201	0.9987	0.194438652044	0.273413071739192
ENST00000579658.5	2588	1626	0.9711	0.0984838745353	0.999999295776959
ENST00000454642.3	1677	1173	0.996	0.137761992141	0.999923046010729
ENST00000371269.9	4233	1551	1.2946	0.559804495882	0.999999964419447
ENST00000436604.2	2027	1551	1.2946	0.559804495882	0.999999968473091
ENST00000648494.1	582	459	1.3113	0.452381406913	0.989441985912635
ENST00000497081.6	1876	843	1.0687	0.48327035274	0.99970154255171
ENST00000395592.6	1932	840	1.1799	0.485729826496	0.999792090701681
ENST00000299610.4	1873	768	1.1601	0.516293021457	0.999587608519236
ENST00000571210.1	926	555	1.0834	0.418340643681	0.990080125106649
ENST00000333503.7	2727	966	1.2568	0.702740858079	0.999989094634548
ENST00000562001.1	905	201	0.6188	-0.0784978931678	0.0184766515943083
ENST00000580436.5	692	546	1.0925	0.177067589823	0.956171102908799
ENST00000584046.1	553	495	0.8848	0.0389068157904	0.724184028348837
ENST00000585155.1	348	48	0.8762	-0.529689399527	0.000550327904739934
ENST00000314088.6	1668	393	1.2116	0.566361572948	0.983541109357895
ENST00000377791.3	1654	393	1.2116	0.566361572948	0.983553531265229
ENST00000311813.10	2914	810	1.2223	0.5726169038	0.999843474749745
ENST00000652696.1	2566	810	1.2223	0.5726169038	0.999846432683613
ENST00000303251.11	1588	612	1.1894	0.623814436019	0.998906114084404
ENST00000303270.6	1385	525	1.1063	0.532422612916	0.993397382432917
ENST00000303204.9	1226	660	1.1745	0.429104425468	0.997851579323557
ENST00000504594.5	886	330	1.3168	0.443788716062	0.954660434557976
ENST00000671038.1	1300	1077	1.1352	0.237290821566	0.99992535418251
ENST00000496788.1	784	615	1.099	0.262876577159	0.987783517817572
ENST00000252487.9	1707	1086	1.1957	0.426502702495	0.999982226764528
ENST00000405636.6	1709	1086	1.1957	0.426502702495	0.999982224815397
ENST00000230354.10	1861	1020	1.1012	0.190535123961	0.999782541565841
ENST00000392092.7	1857	1020	1.1012	0.190535123961	0.999782589244338
ENST00000616883.4	1750	867	0.991	0.0914521734718	0.996816213167026
ENST00000374029.1	1587	852	1.1259	0.45170205113	0.999735851306675
ENST00000647424.1	1603	852	1.1259	0.45170205113	0.999735619528521
ENST00000361726.6	1637	852	1.1259	0.45170205113	0.999735126324632
ENST00000588802.5	553	252	1.1227	0.440468219858	0.818101796467375
ENST00000592535.5	430	231	1.1739	0.475001324411	0.840424663681702
ENST00000589781.1	273	90	1.1268	0.0563748163796	0.0684857922875481
ENST00000437805.5	5757	4755	0.7335	0.046884843743	1
ENST00000446959.5	763	207	1.097	0.0572550011535	0.19380666348132
ENST00000610760.1	1221	1221	0.9046	0.0576600143581	0.999902259020649
ENST00000375887.8	2582	858	0.9403	0.169827856076	0.99727081383702
ENST00000430559.5	2614	801	0.936	0.177969938953	0.995014107064705
ENST00000492930.5	769	492	0.7931	0.127409709311	0.757837353428701
ENST00000470800.1	835	264	1.1437	0.445066297831	0.84846650211382
ENST00000535714.2	1481	429	1.1371	0.39168800689	0.960324101317418
ENST00000378919.6	995	591	1.2454	0.415344858173	0.996098502812458
ENST00000637120.1	612	612	1.211	0.423081881945	0.996753085892797
ENST00000637853.1	496	396	0.76	0.0941683057429	0.441760188234147
ENST00000637041.1	786	285	0.6152	0.0524062574925	0.0958384722989967
ENST00000637567.1	347	216	0.6489	0.15757424701	0.0964005585912979
ENST00000558195.2	498	396	0.76	0.0941683057429	0.441733144729705
ENST00000589097.5	2251	588	0.5098	-0.0431626128801	0.530453873946334
ENST00000588450.1	2858	570	0.5966	-0.0804816485752	0.490015156723665
ENST00000326631.6	1206	450	1.2864	0.664274570637	0.996335318868737
ENST00000561851.5	1582	1080	0.8744	0.0941377222111	0.999570761325651
ENST00000567921.1	478	225	1.072	0.13223474918	0.301611378194226
ENST00000227752.7	3695	1737	0.9615	0.351010047225	0.999999951738177
ENST00000531365.1	467	390	0.942	0.306630177441	0.834395330740416
ENST00000646025.1	1888	702	0.984	0.104556135626	0.981078007589598
ENST00000613993.1	733	489	0.9566	0.0338680389401	0.751241613611775
ENST00000525057.5	760	453	0.8433	0.210365226095	0.799227426797974
ENST00000533369.5	536	510	0.8392	0.193910281111	0.871856475415146
ENST00000533856.5	423	366	0.8705	0.174358768938	0.574901263955697
ENST00000528348.5	919	477	0.8008	-0.155874159594	0.325703118737295
ENST00000534800.1	342	330	0.8502	0.172207980252	0.455251974536484
ENST00000527105.1	121	45	1.1462	-0.0117522175333	0.0307140036200741
ENST00000252490.6	741	306	1.0593	0.25493758318	0.679825866259546
ENST00000590360.2	744	306	1.0593	0.25493758318	0.679790061035468
ENST00000585786.1	880	402	0.7433	0.00362950398178	0.311110667034678
ENST00000592484.5	575	273	1.12	0.504524062706	0.892513710122106
ENST00000253193.9	4058	2313	1.0552	0.48649727659	0.999999999975098
ENST00000506572.5	1331	1203	1.1114	0.180079266631	0.999971948159184
ENST00000507798.1	767	510	1.1073	0.0934119696627	0.90195539571864
ENST00000356392.9	2123	1788	1.2669	0.642235062839	0.999999998508372
ENST00000591345.5	2448	1593	1.2789	0.699905299488	0.999999990902611
ENST00000593281.1	467	183	0.8426	0.0543982367719	0.070959991470553
ENST00000265631.9	3136	2028	0.9001	0.139855555303	0.999999991968785
ENST00000416240.6	3192	2031	0.9001	0.14125299414	0.999999992275764
ENST00000450529.5	1184	825	1.2118	0.428791857872	0.999701322272491
ENST00000436730.7	863	780	1.2416	0.439715753237	0.999590027611473
ENST00000368498.7	4597	1389	1.2083	0.189536564511	0.999997168505848
ENST00000052569.10	4590	1365	1.2083	0.183319228875	0.999996155452976
ENST00000649620.1	825	489	1.161	0.305471435565	0.969319486964236
ENST00000613781.1	556	420	1.1313	0.28652428072	0.922613597192613
ENST00000665241.1	4529	4221	1.037	0.0857132425111	1
ENST00000580206.1	3429	1860	1.0554	0.132064508965	0.999999967184953
ENST00000360473.8	1623	690	0.6636	-0.0623766474948	0.846983609007582
ENST00000312942.2	1337	819	0.7	-0.0220577886659	0.971809894653464
ENST00000507516.3	738	123	1.2055	0.497458493325	0.664056877124478
ENST00000542114.1	501	171	0.9249	0.179694859637	0.159210099185517
ENST00000430317.2	568	264	0.9499	-0.0312430587704	0.139293036101291
ENST00000509855.1	506	90	0.9865	0.132495088403	0.0663176694426627
ENST00000635168.1	2693	417	0.8496	0.0383907567763	0.462781762764237
ENST00000472159.5	768	216	0.8273	-0.0659575299294	0.047315962640087
ENST00000478939.1	1479	417	0.8496	0.0383907567763	0.479365812575777
ENST00000536497.2	572	324	1.194	0.263989395949	0.815007415528492
ENST00000637160.1	999	423	1.0017	0.120629259537	0.737733729043225
ENST00000360806.9	2080	1779	1.3088	0.55885339408	0.999999997637436
ENST00000480319.5	3872	1320	1.2836	0.516416756001	0.999999375096306
ENST00000433000.5	587	291	0.7052	-0.120830724736	0.0517933813708129
ENST00000425090.1	461	78	0.8424	-0.543263276624	0.000627028322037816
ENST00000446878.1	1719	495	0.7832	0.0267993015869	0.617198528865283
ENST00000652544.1	2919	294	0.8964	0.222609635407	0.435751294432845
ENST00000472227.5	1816	378	1.0799	0.142601744093	0.708658490464522
ENST00000564702.1	896	255	0.9129	0.0690857611883	0.18868590410101
ENST00000564861.1	618	138	0.5585	-0.0487836618417	0.00910988184660458
ENST00000635962.1	1365	369	0.8311	0.191229574219	0.562262018883582
ENST00000636076.1	473	297	0.8817	0.254821158139	0.513509786063617
ENST00000285176.13	4310	2178	1.039	0.132691850226	0.999999998965214
ENST00000609959.1	808	627	0.9406	0.0266427176472	0.927307799734206
ENST00000614726.2	2019	1083	0.98	0.18781103039	0.99983262843259
ENST00000609420.5	1404	1320	0.8948	0.168109743867	0.999982740121892
ENST00000449170.2	3793	234	0.8418	-0.287873003281	0.0138765676855869
ENST00000449736.2	709	282	0.7381	0.164157040581	0.236512887988379
ENST00000428123.1	347	114	1.0521	-0.0922904764822	0.0291595218461636
ENST00000444242.1	1191	393	0.7458	-0.0515875308722	0.224587616210019
ENST00000652562.1	647	102	0.799	-0.107291499295	0.00976060066109789
ENST00000528437.5	586	162	1.0074	0.161333495488	0.168471576433597
ENST00000531091.5	1768	333	0.5442	-0.244325348177	0.0217410697150695
ENST00000527637.5	615	162	1.0074	0.161333495488	0.16824893749243
ENST00000530264.1	352	108	1.218	0.158536806717	0.185607665348575
ENST00000441139.5	3461	438	0.9618	0.14758096931	0.748956305782031
ENST00000651484.1	3118	288	0.5573	-0.171026872955	0.0199555245465847
ENST00000450734.1	457	336	1.2046	0.408468526604	0.926676276404394
ENST00000424587.7	5603	405	0.6006	-0.10267714344	0.103646779039895
ENST00000419937.1	423	54	1.0293	-0.031045478224	0.0200797237889959
ENST00000434426.1	744	90	0.9853	0.0441656765577	0.0392458220161695
ENST00000510937.1	2988	873	1.0092	0.146193734851	0.997851139173069
ENST00000503807.1	1112	873	1.0092	0.146193734851	0.99806078267807
