node_a	node_b	weight
0	1	0.0
0	2	0.0
0	3	0.0
0	4	0.0
0	5	0.0
0	6	0.0
0	7	0.0
0	8	0.0
0	9	0.0
0	10	0.0
11	12	0.0
13	14	0.0
13	15	0.0
13	16	0.0
13	17	0.0
13	18	0.0
13	19	0.0
13	20	0.0
13	21	0.0
13	22	0.0
13	23	0.0
13	24	0.0
13	25	0.0
13	26	0.0
13	27	0.0
13	28	0.0
29	30	0.0
31	32	0.0
33	34	0.0
35	36	0.0
37	38	0.0
37	39	0.0
37	40	0.0
37	41	0.0
37	42	0.0
37	43	0.0
37	44	0.0
37	45	0.0
46	47	0.0
48	49	0.0
48	50	0.0
48	51	0.0
48	52	0.0
34	48	0.0
48	53	0.0
48	54	0.0
48	55	0.0
48	56	0.0
48	57	0.0
58	59	0.0
58	60	0.0
58	61	0.0
62	63	0.0
62	64	0.0
62	65	0.0
66	67	0.0
66	68	0.0
65	66	0.0
66	69	0.0
70	71	0.0
70	72	0.0
70	73	0.0
70	74	0.0
70	75	0.0
70	76	0.0
70	77	0.0
70	78	0.0
70	79	0.0
80	81	0.0
80	82	0.0
80	83	0.0
80	84	0.0
80	85	0.0
53	55	0.0
53	86	0.0
53	87	0.0
34	53	0.0
88	89	0.0
88	90	0.0
88	91	0.0
88	92	0.0
88	93	0.0
88	94	0.0
88	95	0.0
88	96	0.0
88	97	0.0
88	98	0.0
15	88	0.0
99	100	0.0
99	101	0.0
99	102	0.0
99	103	0.0
99	104	0.0
99	105	0.0
99	106	0.0
107	108	0.0
109	110	0.0
109	111	0.0
109	112	0.0
109	113	0.0
114	115	0.0
114	116	0.0
60	114	0.0
114	117	0.0
114	118	0.0
86	119	0.0
120	121	0.0
120	122	0.0
120	123	0.0
120	124	0.0
120	125	0.0
120	126	0.0
120	127	0.0
120	128	0.0
65	120	0.0
15	120	0.0
120	129	0.0
120	130	0.0
120	131	0.0
120	132	0.0
69	120	0.0
133	134	0.0
133	135	0.0
133	136	0.0
137	138	0.0
69	139	0.0
139	140	0.0
139	141	0.0
123	139	0.0
139	142	0.0
139	143	0.0
139	144	0.0
139	145	0.0
139	146	0.0
139	147	0.0
139	148	0.0
139	149	0.0
139	150	0.0
139	151	0.0
139	152	0.0
59	139	0.0
139	153	0.0
139	154	0.0
139	155	0.0
139	156	0.0
139	157	0.0
139	158	0.0
139	159	0.0
139	160	0.0
139	161	0.0
139	162	0.0
163	164	0.0
163	165	0.0
163	166	0.0
167	168	0.0
167	169	0.0
16	167	0.0
14	167	0.0
170	171	0.0
170	172	0.0
32	173	0.0
174	175	0.0
176	177	0.0
4	5	0.0
5	178	0.0
5	7	0.0
5	10	0.0
5	6	0.0
5	9	0.0
5	8	0.0
5	179	0.0
5	180	0.0
5	181	0.0
3	182	0.0
86	182	0.0
183	184	0.0
150	183	0.0
183	185	0.0
151	183	0.0
183	186	0.0
183	187	0.0
183	188	0.0
183	189	0.0
183	190	0.0
183	191	0.0
183	192	0.0
30	183	0.0
144	183	0.0
183	193	0.0
194	195	0.0
44	196	0.0
197	198	0.0
19	197	0.0
197	199	0.0
197	200	0.0
197	201	0.0
14	197	0.0
16	197	0.0
202	203	0.0
202	204	0.0
69	202	0.0
202	205	0.0
202	206	0.0
65	202	0.0
202	207	0.0
60	202	0.0
202	208	0.0
202	209	0.0
202	210	0.0
202	211	0.0
191	202	0.0
212	213	0.0
47	212	0.0
118	214	0.0
215	216	0.0
57	217	0.0
113	218	0.0
96	213	0.0
91	96	0.0
96	98	0.0
92	96	0.0
96	97	0.0
93	96	0.0
15	96	0.0
49	96	0.0
96	219	0.0
220	221	0.0
101	220	0.0
220	222	0.0
220	223	0.0
220	224	0.0
102	220	0.0
220	225	0.0
220	226	0.0
131	220	0.0
220	227	0.0
220	228	0.0
220	229	0.0
49	220	0.0
86	220	0.0
87	220	0.0
220	230	0.0
220	231	0.0
89	211	0.0
89	232	0.0
89	162	0.0
15	89	0.0
89	223	0.0
89	97	0.0
89	127	0.0
89	233	0.0
234	235	0.0
14	199	0.0
16	199	0.0
236	237	0.0
15	236	0.0
236	238	0.0
228	236	0.0
3	239	0.0
239	240	0.0
239	241	0.0
67	68	0.0
68	179	0.0
68	181	0.0
68	180	0.0
68	242	0.0
125	221	0.0
125	222	0.0
243	244	0.0
243	245	0.0
75	246	0.0
155	246	0.0
246	247	0.0
246	248	0.0
216	246	0.0
246	249	0.0
73	246	0.0
246	250	0.0
211	246	0.0
246	251	0.0
246	252	0.0
191	246	0.0
246	253	0.0
74	246	0.0
254	255	0.0
39	149	0.0
39	256	0.0
39	257	0.0
39	150	0.0
39	258	0.0
39	259	0.0
39	260	0.0
39	63	0.0
39	261	0.0
39	262	0.0
39	45	0.0
39	43	0.0
39	263	0.0
38	39	0.0
39	44	0.0
39	40	0.0
39	41	0.0
115	124	0.0
115	123	0.0
63	122	0.0
264	265	0.0
264	266	0.0
264	267	0.0
268	269	0.0
268	270	0.0
124	268	0.0
268	271	0.0
126	268	0.0
268	272	0.0
268	273	0.0
268	274	0.0
65	268	0.0
67	268	0.0
275	276	0.0
225	275	0.0
275	277	0.0
275	278	0.0
275	279	0.0
104	275	0.0
280	281	0.0
15	282	0.0
81	282	0.0
101	283	0.0
101	106	0.0
50	284	0.0
284	285	0.0
100	286	0.0
100	263	0.0
238	287	0.0
288	289	0.0
288	290	0.0
152	288	0.0
288	291	0.0
205	288	0.0
69	288	0.0
288	292	0.0
251	288	0.0
204	288	0.0
288	293	0.0
73	288	0.0
250	288	0.0
247	288	0.0
252	288	0.0
294	295	0.0
294	296	0.0
294	297	0.0
298	299	0.0
59	298	0.0
154	298	0.0
161	298	0.0
162	298	0.0
158	298	0.0
103	300	0.0
102	103	0.0
103	106	0.0
103	301	0.0
118	302	0.0
222	303	0.0
104	304	0.0
104	305	0.0
104	306	0.0
104	307	0.0
104	308	0.0
104	309	0.0
104	127	0.0
15	104	0.0
104	310	0.0
104	276	0.0
104	311	0.0
104	312	0.0
104	313	0.0
104	314	0.0
104	315	0.0
102	104	0.0
104	316	0.0
104	106	0.0
104	281	0.0
104	317	0.0
318	319	0.0
113	320	0.0
86	113	0.0
23	124	0.0
23	321	0.0
23	322	0.0
15	23	0.0
17	23	0.0
19	23	0.0
23	27	0.0
23	323	0.0
23	324	0.0
86	325	0.0
77	315	0.0
79	315	0.0
315	326	0.0
69	315	0.0
65	315	0.0
315	327	0.0
209	328	0.0
329	330	0.0
331	332	0.0
227	333	0.0
227	278	0.0
227	334	0.0
335	336	0.0
15	335	0.0
41	337	0.0
45	337	0.0
43	337	0.0
131	157	0.0
131	338	0.0
131	231	0.0
15	131	0.0
131	132	0.0
131	339	0.0
131	340	0.0
341	342	0.0
87	341	0.0
51	341	0.0
341	343	0.0
15	277	0.0
277	344	0.0
277	345	0.0
49	277	0.0
277	346	0.0
277	347	0.0
277	348	0.0
277	336	0.0
277	349	0.0
277	279	0.0
276	277	0.0
51	350	0.0
350	351	0.0
69	126	0.0
126	352	0.0
126	353	0.0
126	354	0.0
260	355	0.0
263	355	0.0
355	356	0.0
195	355	0.0
262	357	0.0
279	332	0.0
15	279	0.0
276	279	0.0
279	358	0.0
279	359	0.0
279	347	0.0
56	279	0.0
279	360	0.0
279	348	0.0
361	362	0.0
363	364	0.0
152	354	0.0
145	354	0.0
158	354	0.0
156	354	0.0
142	354	0.0
354	365	0.0
59	354	0.0
353	354	0.0
352	354	0.0
216	366	0.0
187	216	0.0
77	216	0.0
72	190	0.0
72	276	0.0
72	159	0.0
205	367	0.0
291	367	0.0
367	368	0.0
367	369	0.0
4	9	0.0
7	9	0.0
6	9	0.0
8	9	0.0
9	86	0.0
9	10	0.0
124	370	0.0
228	334	0.0
228	371	0.0
228	372	0.0
228	238	0.0
15	228	0.0
228	319	0.0
86	228	0.0
228	373	0.0
110	374	0.0
374	375	0.0
313	374	0.0
374	376	0.0
171	374	0.0
374	377	0.0
244	245	0.0
7	59	0.0
7	151	0.0
7	146	0.0
7	156	0.0
7	155	0.0
7	180	0.0
4	7	0.0
2	7	0.0
7	10	0.0
7	8	0.0
6	7	0.0
238	373	0.0
319	373	0.0
77	285	0.0
77	378	0.0
77	379	0.0
74	77	0.0
77	326	0.0
77	211	0.0
77	79	0.0
336	380	0.0
336	371	0.0
157	336	0.0
55	177	0.0
177	381	0.0
108	382	0.0
383	384	0.0
79	378	0.0
378	379	0.0
74	378	0.0
378	385	0.0
326	378	0.0
211	378	0.0
274	386	0.0
274	387	0.0
274	388	0.0
15	274	0.0
209	274	0.0
65	274	0.0
274	389	0.0
390	391	0.0
392	393	0.0
75	191	0.0
75	154	0.0
74	75	0.0
75	290	0.0
75	211	0.0
75	247	0.0
75	292	0.0
73	75	0.0
75	250	0.0
394	395	0.0
158	385	0.0
16	385	0.0
14	385	0.0
385	396	0.0
82	84	0.0
84	85	0.0
83	84	0.0
15	397	0.0
132	397	0.0
397	398	0.0
397	399	0.0
128	397	0.0
127	397	0.0
143	201	0.0
146	201	0.0
145	201	0.0
151	201	0.0
147	201	0.0
152	201	0.0
142	201	0.0
59	201	0.0
148	201	0.0
149	201	0.0
201	365	0.0
150	201	0.0
158	201	0.0
154	201	0.0
14	201	0.0
201	257	0.0
198	201	0.0
15	201	0.0
157	201	0.0
16	201	0.0
400	401	0.0
147	402	0.0
147	403	0.0
147	192	0.0
147	191	0.0
147	299	0.0
147	189	0.0
144	147	0.0
147	404	0.0
147	405	0.0
147	406	0.0
147	155	0.0
147	157	0.0
143	147	0.0
147	156	0.0
59	147	0.0
142	147	0.0
146	147	0.0
147	148	0.0
147	151	0.0
145	147	0.0
147	257	0.0
147	158	0.0
147	365	0.0
147	149	0.0
147	150	0.0
147	154	0.0
147	152	0.0
45	61	0.0
45	407	0.0
45	408	0.0
45	409	0.0
45	164	0.0
45	63	0.0
40	45	0.0
45	410	0.0
41	45	0.0
38	45	0.0
42	45	0.0
43	45	0.0
44	45	0.0
380	411	0.0
224	412	0.0
224	324	0.0
195	224	0.0
102	224	0.0
205	224	0.0
224	413	0.0
27	224	0.0
414	415	0.0
276	344	0.0
344	416	0.0
344	417	0.0
344	418	0.0
344	345	0.0
344	419	0.0
179	344	0.0
50	420	0.0
420	421	0.0
420	422	0.0
293	423	0.0
158	423	0.0
146	423	0.0
145	423	0.0
142	423	0.0
405	423	0.0
152	423	0.0
151	423	0.0
150	423	0.0
143	423	0.0
149	423	0.0
148	423	0.0
155	423	0.0
59	423	0.0
257	423	0.0
156	423	0.0
365	423	0.0
154	423	0.0
157	423	0.0
278	334	0.0
319	334	0.0
157	334	0.0
334	424	0.0
276	309	0.0
307	309	0.0
425	426	0.0
425	427	0.0
229	425	0.0
425	428	0.0
333	425	0.0
429	430	0.0
429	431	0.0
432	433	0.0
82	83	0.0
82	85	0.0
233	434	0.0
158	352	0.0
16	158	0.0
73	158	0.0
158	211	0.0
158	435	0.0
61	158	0.0
158	436	0.0
158	402	0.0
90	158	0.0
158	379	0.0
60	158	0.0
158	250	0.0
15	158	0.0
69	158	0.0
158	406	0.0
124	158	0.0
158	299	0.0
158	191	0.0
158	161	0.0
123	158	0.0
153	158	0.0
158	404	0.0
158	405	0.0
158	162	0.0
158	160	0.0
142	158	0.0
154	158	0.0
158	365	0.0
145	158	0.0
146	158	0.0
157	158	0.0
152	158	0.0
155	158	0.0
148	158	0.0
150	158	0.0
151	158	0.0
158	257	0.0
143	158	0.0
59	158	0.0
149	158	0.0
156	158	0.0
295	297	0.0
208	437	0.0
437	438	0.0
437	439	0.0
440	441	0.0
440	442	0.0
15	440	0.0
440	443	0.0
56	444	0.0
445	446	0.0
311	447	0.0
311	317	0.0
102	311	0.0
311	316	0.0
305	311	0.0
311	312	0.0
187	190	0.0
184	190	0.0
189	190	0.0
190	192	0.0
144	190	0.0
417	418	0.0
179	418	0.0
448	449	0.0
242	448	0.0
265	266	0.0
265	267	0.0
345	450	0.0
417	450	0.0
416	450	0.0
4	450	0.0
352	450	0.0
450	451	0.0
450	452	0.0
453	454	0.0
453	455	0.0
427	453	0.0
453	456	0.0
330	453	0.0
187	188	0.0
187	189	0.0
187	457	0.0
187	192	0.0
187	253	0.0
187	366	0.0
30	187	0.0
144	187	0.0
187	193	0.0
144	458	0.0
458	459	0.0
458	460	0.0
458	461	0.0
285	458	0.0
124	462	0.0
67	415	0.0
54	67	0.0
266	267	0.0
123	155	0.0
112	123	0.0
123	211	0.0
123	192	0.0
123	463	0.0
123	276	0.0
123	250	0.0
81	123	0.0
73	123	0.0
59	123	0.0
123	143	0.0
123	191	0.0
123	464	0.0
123	152	0.0
123	156	0.0
123	465	0.0
123	142	0.0
123	148	0.0
65	123	0.0
123	151	0.0
123	146	0.0
123	145	0.0
69	123	0.0
123	149	0.0
123	154	0.0
123	157	0.0
123	124	0.0
439	466	0.0
439	467	0.0
439	468	0.0
439	469	0.0
438	439	0.0
15	22	0.0
22	25	0.0
20	22	0.0
443	470	0.0
443	471	0.0
398	443	0.0
442	443	0.0
15	443	0.0
65	409	0.0
209	409	0.0
433	472	0.0
41	387	0.0
41	473	0.0
41	260	0.0
41	258	0.0
41	474	0.0
41	262	0.0
41	475	0.0
41	259	0.0
41	261	0.0
41	410	0.0
41	63	0.0
41	43	0.0
41	263	0.0
40	41	0.0
38	41	0.0
41	44	0.0
476	477	0.0
225	476	0.0
92	478	0.0
92	252	0.0
92	471	0.0
92	479	0.0
92	310	0.0
74	92	0.0
92	211	0.0
73	92	0.0
92	250	0.0
92	291	0.0
92	98	0.0
92	95	0.0
92	94	0.0
15	92	0.0
91	92	0.0
92	97	0.0
92	93	0.0
86	338	0.0
1	442	0.0
442	480	0.0
332	442	0.0
15	442	0.0
442	481	0.0
179	181	0.0
181	482	0.0
178	181	0.0
180	181	0.0
483	484	0.0
124	142	0.0
73	124	0.0
124	250	0.0
124	317	0.0
124	463	0.0
124	406	0.0
124	211	0.0
124	151	0.0
124	276	0.0
124	152	0.0
124	143	0.0
81	124	0.0
124	156	0.0
124	146	0.0
124	464	0.0
124	148	0.0
124	149	0.0
65	124	0.0
124	465	0.0
124	154	0.0
124	157	0.0
69	124	0.0
485	486	0.0
225	485	0.0
485	487	0.0
291	485	0.0
165	488	0.0
348	489	0.0
253	490	0.0
65	484	0.0
65	406	0.0
65	411	0.0
65	235	0.0
65	157	0.0
65	436	0.0
63	65	0.0
65	69	0.0
65	209	0.0
435	491	0.0
191	491	0.0
30	162	0.0
30	148	0.0
30	185	0.0
30	184	0.0
30	492	0.0
30	457	0.0
30	156	0.0
30	144	0.0
30	192	0.0
30	200	0.0
30	193	0.0
30	191	0.0
30	59	0.0
426	493	0.0
238	426	0.0
494	495	0.0
271	496	0.0
118	481	0.0
136	184	0.0
368	369	0.0
368	487	0.0
291	368	0.0
47	497	0.0
497	498	0.0
497	499	0.0
497	500	0.0
410	474	0.0
473	474	0.0
63	474	0.0
179	482	0.0
180	482	0.0
486	487	0.0
291	486	0.0
310	324	0.0
73	324	0.0
102	324	0.0
324	501	0.0
324	477	0.0
324	412	0.0
324	502	0.0
49	503	0.0
503	504	0.0
127	463	0.0
15	127	0.0
127	505	0.0
127	506	0.0
127	507	0.0
127	128	0.0
127	399	0.0
127	398	0.0
127	132	0.0
86	508	0.0
15	146	0.0
15	479	0.0
15	404	0.0
15	257	0.0
15	155	0.0
15	145	0.0
15	142	0.0
15	148	0.0
15	152	0.0
15	150	0.0
15	156	0.0
15	151	0.0
15	149	0.0
15	405	0.0
15	365	0.0
15	20	0.0
15	18	0.0
15	81	0.0
15	509	0.0
15	510	0.0
15	511	0.0
15	321	0.0
15	16	0.0
15	507	0.0
15	27	0.0
15	19	0.0
14	15	0.0
15	49	0.0
15	17	0.0
15	153	0.0
15	463	0.0
15	273	0.0
15	61	0.0
15	322	0.0
15	332	0.0
15	128	0.0
15	198	0.0
15	399	0.0
15	132	0.0
15	94	0.0
15	143	0.0
15	398	0.0
15	59	0.0
15	154	0.0
15	69	0.0
15	512	0.0
15	340	0.0
15	502	0.0
15	225	0.0
15	98	0.0
15	159	0.0
15	348	0.0
15	238	0.0
15	513	0.0
15	514	0.0
15	28	0.0
15	102	0.0
15	91	0.0
15	499	0.0
15	339	0.0
15	306	0.0
15	93	0.0
15	141	0.0
15	121	0.0
15	97	0.0
90	240	0.0
90	251	0.0
90	257	0.0
90	152	0.0
90	154	0.0
90	405	0.0
90	143	0.0
90	157	0.0
59	90	0.0
90	156	0.0
90	155	0.0
90	149	0.0
90	365	0.0
90	145	0.0
90	142	0.0
90	150	0.0
90	148	0.0
90	146	0.0
464	515	0.0
515	516	0.0
515	517	0.0
435	518	0.0
348	360	0.0
241	349	0.0
346	349	0.0
276	349	0.0
343	438	0.0
343	468	0.0
343	466	0.0
343	430	0.0
343	431	0.0
343	504	0.0
343	519	0.0
343	520	0.0
51	343	0.0
87	343	0.0
16	289	0.0
168	289	0.0
289	293	0.0
289	521	0.0
289	522	0.0
289	523	0.0
241	276	0.0
164	175	0.0
44	164	0.0
164	410	0.0
63	164	0.0
164	291	0.0
164	364	0.0
283	524	0.0
74	200	0.0
74	285	0.0
74	247	0.0
74	525	0.0
74	253	0.0
74	326	0.0
74	457	0.0
74	526	0.0
74	249	0.0
74	527	0.0
74	252	0.0
74	79	0.0
73	74	0.0
74	250	0.0
74	379	0.0
74	211	0.0
74	251	0.0
468	528	0.0
171	468	0.0
468	469	0.0
467	468	0.0
468	529	0.0
466	468	0.0
438	468	0.0
430	468	0.0
231	530	0.0
86	530	0.0
305	531	0.0
102	305	0.0
305	314	0.0
305	312	0.0
60	365	0.0
352	365	0.0
189	365	0.0
192	365	0.0
365	403	0.0
153	365	0.0
191	365	0.0
144	365	0.0
365	404	0.0
365	406	0.0
150	365	0.0
365	405	0.0
151	365	0.0
257	365	0.0
143	365	0.0
59	365	0.0
149	365	0.0
156	365	0.0
142	365	0.0
154	365	0.0
145	365	0.0
146	365	0.0
157	365	0.0
152	365	0.0
155	365	0.0
148	365	0.0
251	253	0.0
249	253	0.0
191	253	0.0
8	180	0.0
179	180	0.0
86	532	0.0
293	533	0.0
498	499	0.0
498	500	0.0
534	535	0.0
91	95	0.0
95	98	0.0
95	97	0.0
93	95	0.0
94	95	0.0
25	210	0.0
193	210	0.0
210	306	0.0
21	210	0.0
464	465	0.0
465	536	0.0
465	516	0.0
465	537	0.0
10	538	0.0
4	10	0.0
6	10	0.0
10	539	0.0
8	10	0.0
10	86	0.0
523	540	0.0
521	523	0.0
523	541	0.0
522	523	0.0
332	470	0.0
57	332	0.0
1	332	0.0
3	542	0.0
238	372	0.0
86	238	0.0
238	319	0.0
56	238	0.0
61	511	0.0
69	511	0.0
510	511	0.0
285	459	0.0
459	461	0.0
459	460	0.0
152	200	0.0
200	543	0.0
200	247	0.0
200	379	0.0
200	252	0.0
200	326	0.0
160	200	0.0
200	211	0.0
159	200	0.0
73	200	0.0
151	200	0.0
200	250	0.0
150	200	0.0
193	200	0.0
191	200	0.0
484	544	0.0
411	484	0.0
195	356	0.0
316	531	0.0
316	317	0.0
312	316	0.0
314	316	0.0
3	345	0.0
276	345	0.0
345	416	0.0
330	454	0.0
330	456	0.0
477	502	0.0
102	502	0.0
333	545	0.0
106	188	0.0
102	106	0.0
106	463	0.0
105	106	0.0
49	546	0.0
504	546	0.0
242	547	0.0
242	449	0.0
141	548	0.0
479	548	0.0
57	132	0.0
55	57	0.0
56	57	0.0
159	276	0.0
49	276	0.0
276	549	0.0
276	346	0.0
516	536	0.0
550	551	0.0
550	552	0.0
144	185	0.0
185	192	0.0
553	554	0.0
55	553	0.0
466	529	0.0
251	457	0.0
4	8	0.0
2	8	0.0
8	471	0.0
6	8	0.0
20	25	0.0
140	270	0.0
141	270	0.0
270	555	0.0
162	240	0.0
143	162	0.0
151	162	0.0
148	162	0.0
162	406	0.0
162	556	0.0
144	162	0.0
161	162	0.0
59	162	0.0
155	162	0.0
154	162	0.0
156	162	0.0
157	162	0.0
159	162	0.0
160	162	0.0
153	162	0.0
470	557	0.0
375	558	0.0
171	375	0.0
313	375	0.0
375	377	0.0
375	376	0.0
504	559	0.0
504	560	0.0
504	561	0.0
504	562	0.0
206	504	0.0
223	504	0.0
504	519	0.0
87	563	0.0
86	563	0.0
430	431	0.0
179	419	0.0
297	564	0.0
102	565	0.0
565	566	0.0
479	565	0.0
306	565	0.0
91	98	0.0
91	97	0.0
91	93	0.0
91	94	0.0
192	567	0.0
73	192	0.0
192	404	0.0
143	192	0.0
192	211	0.0
145	192	0.0
184	192	0.0
150	192	0.0
142	192	0.0
188	192	0.0
152	192	0.0
146	192	0.0
149	192	0.0
189	192	0.0
148	192	0.0
151	192	0.0
16	192	0.0
192	568	0.0
191	192	0.0
192	193	0.0
192	406	0.0
144	192	0.0
428	569	0.0
428	570	0.0
272	428	0.0
86	428	0.0
271	428	0.0
333	428	0.0
513	538	0.0
291	538	0.0
538	571	0.0
538	572	0.0
460	538	0.0
151	250	0.0
151	189	0.0
69	151	0.0
151	299	0.0
151	191	0.0
151	404	0.0
144	151	0.0
151	405	0.0
151	406	0.0
143	151	0.0
149	151	0.0
151	156	0.0
59	151	0.0
151	257	0.0
150	151	0.0
146	151	0.0
151	152	0.0
148	151	0.0
151	155	0.0
151	157	0.0
151	154	0.0
142	151	0.0
145	151	0.0
61	132	0.0
132	509	0.0
132	507	0.0
132	340	0.0
132	231	0.0
132	398	0.0
132	399	0.0
128	132	0.0
221	230	0.0
230	573	0.0
225	230	0.0
230	477	0.0
574	575	0.0
63	299	0.0
16	299	0.0
146	299	0.0
299	404	0.0
299	402	0.0
154	299	0.0
143	299	0.0
203	299	0.0
250	290	0.0
59	250	0.0
148	250	0.0
191	250	0.0
146	250	0.0
149	250	0.0
69	250	0.0
14	250	0.0
79	250	0.0
16	250	0.0
157	250	0.0
250	251	0.0
154	250	0.0
247	250	0.0
211	250	0.0
250	252	0.0
73	250	0.0
14	191	0.0
14	18	0.0
14	102	0.0
14	291	0.0
14	576	0.0
14	73	0.0
14	396	0.0
14	247	0.0
14	169	0.0
14	198	0.0
14	573	0.0
14	577	0.0
14	19	0.0
14	168	0.0
14	16	0.0
43	356	0.0
260	356	0.0
263	356	0.0
356	578	0.0
262	479	0.0
17	262	0.0
261	262	0.0
262	263	0.0
258	262	0.0
259	262	0.0
260	262	0.0
223	416	0.0
223	293	0.0
223	225	0.0
157	569	0.0
130	399	0.0
130	456	0.0
130	454	0.0
130	509	0.0
130	427	0.0
130	455	0.0
231	579	0.0
86	231	0.0
231	340	0.0
580	581	0.0
580	582	0.0
3	580	0.0
543	583	0.0
73	463	0.0
73	191	0.0
73	79	0.0
59	73	0.0
73	157	0.0
69	73	0.0
16	73	0.0
73	251	0.0
73	154	0.0
73	252	0.0
73	211	0.0
73	247	0.0
86	584	0.0
372	584	0.0
584	585	0.0
493	584	0.0
52	584	0.0
321	586	0.0
321	500	0.0
321	322	0.0
321	323	0.0
321	587	0.0
198	321	0.0
321	588	0.0
168	169	0.0
16	168	0.0
19	168	0.0
86	278	0.0
86	171	0.0
86	377	0.0
86	272	0.0
86	570	0.0
86	589	0.0
86	590	0.0
55	86	0.0
51	86	0.0
34	86	0.0
86	319	0.0
49	86	0.0
86	348	0.0
56	86	0.0
86	320	0.0
86	87	0.0
4	6	0.0
4	352	0.0
4	451	0.0
4	452	0.0
76	252	0.0
252	293	0.0
252	463	0.0
252	379	0.0
251	252	0.0
247	252	0.0
211	252	0.0
293	591	0.0
247	290	0.0
2	49	0.0
2	467	0.0
2	271	0.0
2	272	0.0
2	52	0.0
2	69	0.0
188	193	0.0
189	193	0.0
191	193	0.0
59	193	0.0
144	193	0.0
351	592	0.0
93	140	0.0
93	141	0.0
93	98	0.0
93	94	0.0
93	97	0.0
509	513	0.0
551	552	0.0
552	593	0.0
416	451	0.0
416	417	0.0
416	452	0.0
416	594	0.0
551	593	0.0
102	306	0.0
1	263	0.0
263	286	0.0
263	595	0.0
259	263	0.0
258	263	0.0
263	578	0.0
261	263	0.0
260	263	0.0
226	571	0.0
226	460	0.0
226	572	0.0
596	597	0.0
34	87	0.0
51	87	0.0
56	87	0.0
87	348	0.0
144	186	0.0
144	404	0.0
144	191	0.0
144	184	0.0
144	556	0.0
144	240	0.0
144	159	0.0
144	188	0.0
144	568	0.0
144	161	0.0
144	150	0.0
142	144	0.0
144	405	0.0
144	148	0.0
144	146	0.0
144	145	0.0
144	257	0.0
144	189	0.0
144	152	0.0
143	144	0.0
144	149	0.0
144	406	0.0
517	598	0.0
256	599	0.0
475	599	0.0
105	600	0.0
43	256	0.0
44	256	0.0
38	256	0.0
40	256	0.0
257	403	0.0
257	567	0.0
240	257	0.0
44	257	0.0
191	257	0.0
40	257	0.0
257	404	0.0
257	406	0.0
155	257	0.0
146	257	0.0
152	257	0.0
148	257	0.0
157	257	0.0
142	257	0.0
154	257	0.0
145	257	0.0
143	257	0.0
149	257	0.0
156	257	0.0
59	257	0.0
257	405	0.0
150	257	0.0
97	141	0.0
97	140	0.0
97	98	0.0
94	97	0.0
49	561	0.0
601	602	0.0
83	85	0.0
64	603	0.0
116	118	0.0
60	118	0.0
461	604	0.0
604	605	0.0
255	606	0.0
319	606	0.0
146	402	0.0
154	402	0.0
143	402	0.0
499	500	0.0
348	499	0.0
454	607	0.0
456	607	0.0
607	608	0.0
60	116	0.0
116	117	0.0
411	544	0.0
598	609	0.0
351	610	0.0
259	260	0.0
259	261	0.0
258	259	0.0
463	611	0.0
188	463	0.0
211	463	0.0
79	463	0.0
291	369	0.0
386	612	0.0
78	249	0.0
76	78	0.0
17	487	0.0
17	141	0.0
17	258	0.0
17	479	0.0
17	19	0.0
17	27	0.0
258	261	0.0
261	595	0.0
260	261	0.0
613	614	0.0
379	525	0.0
21	27	0.0
19	27	0.0
204	205	0.0
159	204	0.0
204	615	0.0
229	581	0.0
229	339	0.0
108	616	0.0
49	539	0.0
539	617	0.0
233	372	0.0
233	618	0.0
16	577	0.0
297	415	0.0
83	619	0.0
83	620	0.0
308	312	0.0
372	493	0.0
364	493	0.0
148	160	0.0
148	188	0.0
148	161	0.0
69	148	0.0
148	191	0.0
148	403	0.0
148	404	0.0
148	406	0.0
148	157	0.0
148	152	0.0
148	155	0.0
146	148	0.0
145	148	0.0
142	148	0.0
148	154	0.0
59	148	0.0
148	149	0.0
148	156	0.0
143	148	0.0
148	150	0.0
148	405	0.0
222	621	0.0
64	269	0.0
198	269	0.0
272	570	0.0
69	460	0.0
291	460	0.0
460	461	0.0
285	460	0.0
102	460	0.0
317	460	0.0
222	460	0.0
460	572	0.0
460	571	0.0
258	479	0.0
258	622	0.0
258	260	0.0
225	470	0.0
244	339	0.0
405	567	0.0
310	317	0.0
237	415	0.0
237	376	0.0
519	520	0.0
161	406	0.0
404	406	0.0
156	406	0.0
191	406	0.0
189	406	0.0
405	406	0.0
149	406	0.0
152	406	0.0
143	406	0.0
146	406	0.0
142	406	0.0
157	406	0.0
150	406	0.0
145	406	0.0
209	387	0.0
272	273	0.0
322	323	0.0
63	473	0.0
43	63	0.0
38	63	0.0
44	63	0.0
63	410	0.0
110	581	0.0
339	581	0.0
49	623	0.0
149	189	0.0
143	189	0.0
150	189	0.0
272	624	0.0
272	625	0.0
271	272	0.0
156	626	0.0
209	626	0.0
154	626	0.0
157	626	0.0
146	626	0.0
404	436	0.0
157	436	0.0
143	436	0.0
69	436	0.0
247	251	0.0
251	292	0.0
251	379	0.0
211	251	0.0
102	291	0.0
16	102	0.0
102	312	0.0
102	477	0.0
102	141	0.0
102	572	0.0
102	571	0.0
102	225	0.0
314	531	0.0
314	317	0.0
312	314	0.0
278	372	0.0
372	585	0.0
44	60	0.0
44	155	0.0
44	145	0.0
44	146	0.0
44	407	0.0
44	408	0.0
44	475	0.0
44	149	0.0
38	44	0.0
40	44	0.0
43	44	0.0
347	348	0.0
348	590	0.0
60	117	0.0
608	627	0.0
454	608	0.0
456	608	0.0
479	487	0.0
293	479	0.0
16	18	0.0
18	19	0.0
161	240	0.0
155	161	0.0
59	161	0.0
161	556	0.0
156	161	0.0
159	161	0.0
157	161	0.0
154	161	0.0
153	161	0.0
160	161	0.0
16	573	0.0
291	573	0.0
293	573	0.0
24	25	0.0
25	513	0.0
16	396	0.0
152	352	0.0
145	352	0.0
156	352	0.0
142	352	0.0
59	352	0.0
352	451	0.0
352	353	0.0
352	452	0.0
377	558	0.0
171	558	0.0
376	558	0.0
313	558	0.0
61	143	0.0
143	160	0.0
16	143	0.0
69	143	0.0
60	143	0.0
143	403	0.0
143	191	0.0
143	404	0.0
143	405	0.0
142	143	0.0
143	152	0.0
143	156	0.0
143	154	0.0
143	145	0.0
143	146	0.0
143	157	0.0
143	155	0.0
143	150	0.0
59	143	0.0
143	149	0.0
247	292	0.0
292	326	0.0
191	247	0.0
79	247	0.0
69	247	0.0
16	247	0.0
211	247	0.0
587	628	0.0
322	587	0.0
427	456	0.0
427	454	0.0
427	455	0.0
417	451	0.0
451	452	0.0
60	629	0.0
60	156	0.0
59	60	0.0
60	157	0.0
60	364	0.0
60	154	0.0
60	152	0.0
60	69	0.0
60	547	0.0
60	149	0.0
60	155	0.0
60	61	0.0
60	150	0.0
52	571	0.0
52	69	0.0
135	630	0.0
61	150	0.0
150	191	0.0
150	403	0.0
40	150	0.0
150	404	0.0
150	405	0.0
150	156	0.0
149	150	0.0
59	150	0.0
142	150	0.0
150	154	0.0
145	150	0.0
146	150	0.0
150	155	0.0
150	152	0.0
150	157	0.0
415	631	0.0
55	632	0.0
614	633	0.0
240	634	0.0
142	403	0.0
40	142	0.0
142	191	0.0
142	404	0.0
142	405	0.0
142	146	0.0
142	152	0.0
142	155	0.0
142	157	0.0
142	154	0.0
142	145	0.0
142	149	0.0
142	156	0.0
59	142	0.0
51	278	0.0
157	278	0.0
135	635	0.0
141	635	0.0
55	635	0.0
293	635	0.0
636	637	0.0
225	271	0.0
271	638	0.0
271	333	0.0
198	639	0.0
571	572	0.0
291	571	0.0
222	571	0.0
317	571	0.0
430	469	0.0
430	466	0.0
430	438	0.0
149	211	0.0
69	211	0.0
154	211	0.0
191	211	0.0
157	211	0.0
211	379	0.0
79	211	0.0
211	326	0.0
51	629	0.0
598	629	0.0
16	169	0.0
492	640	0.0
128	507	0.0
128	399	0.0
128	398	0.0
398	399	0.0
186	188	0.0
347	590	0.0
61	510	0.0
69	510	0.0
54	471	0.0
165	166	0.0
166	627	0.0
165	627	0.0
56	641	0.0
56	319	0.0
454	455	0.0
624	625	0.0
417	452	0.0
179	417	0.0
188	191	0.0
79	191	0.0
16	191	0.0
191	404	0.0
155	191	0.0
191	405	0.0
154	191	0.0
157	191	0.0
145	191	0.0
152	191	0.0
146	191	0.0
149	191	0.0
191	207	0.0
156	191	0.0
59	191	0.0
225	487	0.0
225	477	0.0
225	291	0.0
43	407	0.0
38	407	0.0
40	407	0.0
198	407	0.0
171	376	0.0
255	376	0.0
313	376	0.0
376	377	0.0
43	408	0.0
38	408	0.0
40	408	0.0
198	408	0.0
213	281	0.0
222	642	0.0
222	572	0.0
49	559	0.0
304	307	0.0
643	644	0.0
69	145	0.0
145	403	0.0
40	145	0.0
145	404	0.0
145	155	0.0
145	152	0.0
145	157	0.0
145	146	0.0
145	154	0.0
145	156	0.0
145	149	0.0
59	145	0.0
145	405	0.0
455	456	0.0
645	646	0.0
647	648	0.0
1	649	0.0
171	313	0.0
313	377	0.0
312	313	0.0
140	293	0.0
55	293	0.0
198	293	0.0
293	477	0.0
141	293	0.0
291	293	0.0
333	650	0.0
255	377	0.0
171	377	0.0
467	469	0.0
466	469	0.0
438	469	0.0
521	522	0.0
438	467	0.0
285	461	0.0
157	461	0.0
291	572	0.0
317	572	0.0
3	179	0.0
16	576	0.0
49	560	0.0
49	562	0.0
16	154	0.0
16	291	0.0
16	198	0.0
16	19	0.0
403	405	0.0
404	405	0.0
155	405	0.0
157	405	0.0
146	405	0.0
154	405	0.0
149	405	0.0
156	405	0.0
152	405	0.0
59	405	0.0
342	651	0.0
171	255	0.0
171	179	0.0
198	586	0.0
157	209	0.0
69	281	0.0
157	652	0.0
653	654	0.0
55	255	0.0
255	655	0.0
154	159	0.0
59	159	0.0
155	159	0.0
156	159	0.0
159	160	0.0
157	159	0.0
159	505	0.0
69	159	0.0
159	556	0.0
153	159	0.0
322	500	0.0
198	322	0.0
322	399	0.0
55	141	0.0
141	487	0.0
140	141	0.0
135	141	0.0
61	146	0.0
61	154	0.0
61	157	0.0
61	149	0.0
61	69	0.0
438	466	0.0
340	656	0.0
153	155	0.0
153	160	0.0
153	157	0.0
153	156	0.0
153	556	0.0
59	153	0.0
153	154	0.0
24	513	0.0
513	514	0.0
154	207	0.0
291	487	0.0
260	578	0.0
40	155	0.0
40	146	0.0
40	149	0.0
40	43	0.0
38	40	0.0
6	403	0.0
54	403	0.0
403	404	0.0
146	403	0.0
152	403	0.0
149	403	0.0
1	157	0.0
157	340	0.0
69	157	0.0
157	404	0.0
157	160	0.0
157	198	0.0
152	157	0.0
156	157	0.0
146	157	0.0
155	157	0.0
154	157	0.0
59	157	0.0
149	157	0.0
38	43	0.0
69	154	0.0
154	404	0.0
154	160	0.0
146	154	0.0
152	154	0.0
154	155	0.0
59	154	0.0
149	154	0.0
154	156	0.0
59	69	0.0
69	146	0.0
69	149	0.0
69	657	0.0
657	658	0.0
260	595	0.0
79	285	0.0
285	379	0.0
326	379	0.0
79	326	0.0
19	198	0.0
43	475	0.0
34	55	0.0
152	404	0.0
152	156	0.0
149	152	0.0
59	152	0.0
146	152	0.0
152	155	0.0
155	391	0.0
79	379	0.0
146	404	0.0
146	155	0.0
59	146	0.0
146	156	0.0
146	149	0.0
155	404	0.0
156	404	0.0
59	404	0.0
149	404	0.0
149	160	0.0
149	155	0.0
59	149	0.0
149	156	0.0
340	659	0.0
156	160	0.0
155	156	0.0
59	156	0.0
59	160	0.0
59	155	0.0
94	98	0.0
155	160	0.0
