node_a	node_b	weight
0	1	0.0
0	2	0.0
0	3	0.0
0	4	0.0
5	6	0.0
5	7	0.0
8	9	0.0
8	10	0.0
8	11	0.0
8	12	0.0
8	13	0.0
8	14	0.0
8	15	0.0
8	16	0.0
8	17	0.0
8	18	0.0
8	19	0.0
8	20	0.0
8	21	0.0
22	23	0.0
22	24	0.0
22	25	0.0
26	27	0.0
28	29	0.0
25	30	0.0
25	31	0.0
2	25	0.0
25	32	0.0
23	25	0.0
25	33	0.0
25	34	0.0
25	35	0.0
24	25	0.0
7	25	0.0
36	37	0.0
36	38	0.0
39	40	0.0
39	41	0.0
39	42	0.0
39	43	0.0
39	44	0.0
39	45	0.0
39	46	0.0
47	48	0.0
47	49	0.0
47	50	0.0
32	35	0.0
51	52	0.0
51	53	0.0
51	54	0.0
51	55	0.0
51	56	0.0
51	57	0.0
58	59	0.0
58	60	0.0
58	61	0.0
58	62	0.0
63	64	0.0
63	65	0.0
66	67	0.0
66	68	0.0
7	69	0.0
70	71	0.0
70	72	0.0
70	73	0.0
74	75	0.0
74	76	0.0
77	78	0.0
79	80	0.0
9	81	0.0
81	82	0.0
81	83	0.0
33	81	0.0
81	84	0.0
81	85	0.0
16	81	0.0
17	81	0.0
81	86	0.0
81	87	0.0
81	88	0.0
19	81	0.0
13	81	0.0
81	89	0.0
81	90	0.0
81	91	0.0
81	92	0.0
12	81	0.0
15	81	0.0
14	81	0.0
81	93	0.0
10	81	0.0
81	94	0.0
81	95	0.0
81	96	0.0
81	97	0.0
81	98	0.0
81	99	0.0
3	81	0.0
81	100	0.0
101	102	0.0
90	103	0.0
98	103	0.0
96	103	0.0
95	103	0.0
91	103	0.0
16	103	0.0
93	103	0.0
104	105	0.0
104	106	0.0
104	107	0.0
104	108	0.0
104	109	0.0
104	110	0.0
104	111	0.0
104	112	0.0
104	113	0.0
104	114	0.0
104	115	0.0
104	116	0.0
104	117	0.0
118	119	0.0
120	121	0.0
120	122	0.0
24	123	0.0
123	124	0.0
123	125	0.0
11	123	0.0
123	126	0.0
61	127	0.0
127	128	0.0
129	130	0.0
129	131	0.0
129	132	0.0
129	133	0.0
87	129	0.0
129	134	0.0
129	135	0.0
136	137	0.0
136	138	0.0
136	139	0.0
136	140	0.0
136	141	0.0
136	142	0.0
136	143	0.0
18	144	0.0
18	21	0.0
18	20	0.0
145	146	0.0
30	31	0.0
86	147	0.0
82	147	0.0
92	147	0.0
147	148	0.0
14	147	0.0
84	147	0.0
93	147	0.0
89	147	0.0
83	147	0.0
29	147	0.0
17	147	0.0
87	147	0.0
147	149	0.0
16	147	0.0
147	150	0.0
147	151	0.0
147	152	0.0
147	153	0.0
147	154	0.0
11	155	0.0
72	156	0.0
156	157	0.0
158	159	0.0
158	160	0.0
158	161	0.0
71	158	0.0
87	162	0.0
133	162	0.0
162	163	0.0
162	164	0.0
162	165	0.0
33	166	0.0
167	168	0.0
3	167	0.0
169	170	0.0
54	171	0.0
171	172	0.0
173	174	0.0
173	175	0.0
173	176	0.0
173	177	0.0
178	179	0.0
43	178	0.0
86	178	0.0
178	180	0.0
178	181	0.0
121	178	0.0
178	182	0.0
42	178	0.0
41	178	0.0
178	183	0.0
178	184	0.0
178	185	0.0
114	178	0.0
178	186	0.0
178	187	0.0
178	188	0.0
116	178	0.0
178	189	0.0
178	190	0.0
178	191	0.0
99	192	0.0
192	193	0.0
98	192	0.0
91	192	0.0
92	192	0.0
139	192	0.0
38	192	0.0
192	194	0.0
144	192	0.0
192	195	0.0
140	192	0.0
192	196	0.0
192	197	0.0
102	192	0.0
192	198	0.0
38	199	0.0
191	200	0.0
41	191	0.0
114	191	0.0
182	191	0.0
185	191	0.0
42	191	0.0
187	191	0.0
45	191	0.0
186	191	0.0
121	191	0.0
191	201	0.0
191	202	0.0
179	191	0.0
116	191	0.0
190	191	0.0
189	191	0.0
88	203	0.0
88	204	0.0
88	205	0.0
88	117	0.0
88	206	0.0
88	207	0.0
208	209	0.0
157	208	0.0
208	210	0.0
208	211	0.0
208	212	0.0
56	208	0.0
208	213	0.0
214	215	0.0
31	62	0.0
31	76	0.0
31	204	0.0
31	216	0.0
31	128	0.0
31	217	0.0
31	218	0.0
31	163	0.0
7	31	0.0
219	220	0.0
205	221	0.0
221	222	0.0
221	223	0.0
221	224	0.0
221	225	0.0
226	227	0.0
52	228	0.0
52	57	0.0
52	54	0.0
229	230	0.0
154	231	0.0
105	154	0.0
154	205	0.0
116	154	0.0
98	154	0.0
154	232	0.0
9	154	0.0
10	154	0.0
154	233	0.0
94	154	0.0
42	154	0.0
154	234	0.0
85	154	0.0
154	185	0.0
154	235	0.0
114	154	0.0
29	154	0.0
12	154	0.0
19	154	0.0
97	154	0.0
13	154	0.0
95	154	0.0
91	154	0.0
90	154	0.0
15	154	0.0
99	154	0.0
82	154	0.0
83	154	0.0
92	154	0.0
154	236	0.0
87	154	0.0
14	154	0.0
86	154	0.0
17	154	0.0
84	154	0.0
16	154	0.0
89	154	0.0
151	154	0.0
150	154	0.0
149	154	0.0
148	154	0.0
152	154	0.0
153	154	0.0
161	237	0.0
237	238	0.0
237	239	0.0
237	240	0.0
237	241	0.0
90	237	0.0
237	242	0.0
106	237	0.0
117	237	0.0
17	237	0.0
236	237	0.0
105	237	0.0
237	243	0.0
187	237	0.0
237	244	0.0
41	237	0.0
42	237	0.0
185	237	0.0
180	237	0.0
188	237	0.0
107	245	0.0
107	240	0.0
246	247	0.0
53	246	0.0
246	248	0.0
246	249	0.0
239	246	0.0
246	250	0.0
246	251	0.0
246	252	0.0
122	246	0.0
246	253	0.0
246	254	0.0
246	255	0.0
244	246	0.0
246	256	0.0
65	246	0.0
257	258	0.0
161	257	0.0
250	257	0.0
53	257	0.0
55	259	0.0
53	55	0.0
55	57	0.0
55	260	0.0
55	261	0.0
11	98	0.0
11	86	0.0
11	82	0.0
11	235	0.0
11	91	0.0
11	99	0.0
11	96	0.0
11	85	0.0
11	94	0.0
11	92	0.0
9	11	0.0
10	11	0.0
11	97	0.0
11	84	0.0
11	13	0.0
11	20	0.0
11	16	0.0
11	14	0.0
11	17	0.0
11	83	0.0
11	15	0.0
11	89	0.0
11	93	0.0
11	90	0.0
11	19	0.0
11	150	0.0
11	105	0.0
172	262	0.0
56	263	0.0
56	264	0.0
56	265	0.0
56	266	0.0
56	87	0.0
56	267	0.0
56	268	0.0
56	269	0.0
56	133	0.0
56	270	0.0
56	271	0.0
56	224	0.0
53	56	0.0
56	272	0.0
56	273	0.0
56	57	0.0
56	274	0.0
56	275	0.0
56	215	0.0
56	276	0.0
61	277	0.0
61	278	0.0
12	279	0.0
95	279	0.0
16	279	0.0
247	279	0.0
10	279	0.0
9	279	0.0
86	279	0.0
94	279	0.0
91	279	0.0
93	279	0.0
92	279	0.0
17	279	0.0
82	279	0.0
19	279	0.0
99	279	0.0
90	279	0.0
83	279	0.0
89	279	0.0
87	279	0.0
150	279	0.0
213	279	0.0
279	280	0.0
281	282	0.0
72	281	0.0
283	284	0.0
285	286	0.0
1	285	0.0
3	285	0.0
113	287	0.0
288	289	0.0
290	291	0.0
211	290	0.0
290	292	0.0
87	293	0.0
133	293	0.0
293	294	0.0
100	293	0.0
293	295	0.0
293	296	0.0
29	297	0.0
144	297	0.0
195	297	0.0
84	298	0.0
298	299	0.0
216	298	0.0
133	298	0.0
298	300	0.0
87	298	0.0
284	298	0.0
298	301	0.0
21	110	0.0
20	21	0.0
302	303	0.0
268	275	0.0
266	268	0.0
87	210	0.0
133	210	0.0
210	304	0.0
210	305	0.0
210	306	0.0
210	258	0.0
210	307	0.0
210	212	0.0
7	210	0.0
161	308	0.0
53	308	0.0
308	309	0.0
133	308	0.0
160	308	0.0
87	308	0.0
250	308	0.0
159	270	0.0
105	207	0.0
207	310	0.0
207	311	0.0
139	142	0.0
140	142	0.0
142	143	0.0
80	142	0.0
141	142	0.0
138	142	0.0
194	312	0.0
133	212	0.0
212	313	0.0
87	212	0.0
212	305	0.0
54	212	0.0
212	306	0.0
7	212	0.0
275	314	0.0
275	315	0.0
275	316	0.0
109	275	0.0
260	275	0.0
263	275	0.0
266	275	0.0
234	275	0.0
87	275	0.0
205	275	0.0
133	275	0.0
275	317	0.0
274	275	0.0
7	275	0.0
244	275	0.0
83	311	0.0
90	311	0.0
82	311	0.0
150	311	0.0
19	311	0.0
89	311	0.0
93	311	0.0
310	311	0.0
121	318	0.0
45	121	0.0
319	320	0.0
128	319	0.0
7	319	0.0
106	321	0.0
242	321	0.0
321	322	0.0
62	323	0.0
62	232	0.0
62	324	0.0
62	153	0.0
34	62	0.0
62	325	0.0
35	62	0.0
62	278	0.0
206	326	0.0
87	326	0.0
133	326	0.0
326	327	0.0
326	328	0.0
168	326	0.0
326	329	0.0
326	330	0.0
114	200	0.0
188	200	0.0
187	200	0.0
183	200	0.0
41	200	0.0
205	331	0.0
164	332	0.0
164	165	0.0
164	292	0.0
164	291	0.0
164	333	0.0
163	164	0.0
133	164	0.0
164	218	0.0
7	164	0.0
334	335	0.0
224	334	0.0
334	336	0.0
334	337	0.0
335	338	0.0
45	230	0.0
45	339	0.0
45	340	0.0
45	114	0.0
45	46	0.0
224	335	0.0
335	336	0.0
335	337	0.0
258	341	0.0
87	258	0.0
84	258	0.0
35	320	0.0
320	342	0.0
128	320	0.0
187	289	0.0
289	343	0.0
344	345	0.0
43	116	0.0
43	241	0.0
43	114	0.0
43	180	0.0
41	43	0.0
42	43	0.0
43	185	0.0
150	346	0.0
72	346	0.0
346	347	0.0
190	346	0.0
348	349	0.0
41	179	0.0
42	179	0.0
179	184	0.0
179	185	0.0
179	183	0.0
114	179	0.0
179	202	0.0
179	190	0.0
116	179	0.0
179	189	0.0
133	350	0.0
87	350	0.0
300	350	0.0
350	351	0.0
350	352	0.0
350	353	0.0
269	350	0.0
350	354	0.0
100	350	0.0
355	356	0.0
355	357	0.0
29	144	0.0
144	358	0.0
37	144	0.0
117	144	0.0
144	359	0.0
144	360	0.0
144	361	0.0
144	362	0.0
67	144	0.0
38	144	0.0
144	198	0.0
144	363	0.0
144	197	0.0
144	364	0.0
144	195	0.0
102	144	0.0
144	196	0.0
341	365	0.0
17	366	0.0
366	367	0.0
256	366	0.0
80	366	0.0
53	366	0.0
366	368	0.0
106	366	0.0
366	369	0.0
366	370	0.0
366	371	0.0
190	372	0.0
286	373	0.0
304	374	0.0
304	375	0.0
304	376	0.0
168	304	0.0
377	378	0.0
247	253	0.0
248	253	0.0
253	368	0.0
87	234	0.0
54	87	0.0
87	185	0.0
87	198	0.0
87	247	0.0
48	87	0.0
87	379	0.0
87	380	0.0
87	381	0.0
87	382	0.0
87	220	0.0
87	383	0.0
87	330	0.0
87	384	0.0
87	109	0.0
87	385	0.0
87	165	0.0
87	386	0.0
87	100	0.0
29	87	0.0
87	124	0.0
87	370	0.0
87	265	0.0
72	87	0.0
87	360	0.0
87	352	0.0
87	151	0.0
87	387	0.0
87	351	0.0
87	388	0.0
87	353	0.0
7	87	0.0
87	269	0.0
87	105	0.0
87	116	0.0
87	389	0.0
87	254	0.0
87	343	0.0
87	300	0.0
87	264	0.0
87	354	0.0
87	236	0.0
87	135	0.0
87	390	0.0
87	391	0.0
87	209	0.0
87	160	0.0
87	306	0.0
87	392	0.0
87	393	0.0
87	163	0.0
87	295	0.0
53	87	0.0
87	232	0.0
87	294	0.0
87	213	0.0
87	130	0.0
87	296	0.0
87	284	0.0
87	132	0.0
9	87	0.0
87	301	0.0
87	148	0.0
87	149	0.0
87	152	0.0
87	394	0.0
87	153	0.0
87	131	0.0
10	87	0.0
87	133	0.0
87	96	0.0
82	87	0.0
12	87	0.0
13	87	0.0
87	92	0.0
87	94	0.0
85	87	0.0
87	150	0.0
15	87	0.0
83	87	0.0
87	89	0.0
19	87	0.0
17	87	0.0
87	95	0.0
87	90	0.0
87	91	0.0
87	98	0.0
87	99	0.0
16	87	0.0
87	93	0.0
14	87	0.0
87	97	0.0
84	87	0.0
86	87	0.0
76	204	0.0
76	163	0.0
76	313	0.0
7	76	0.0
292	390	0.0
291	292	0.0
211	292	0.0
218	292	0.0
84	292	0.0
292	395	0.0
278	396	0.0
396	397	0.0
396	398	0.0
175	396	0.0
396	399	0.0
396	400	0.0
401	402	0.0
401	403	0.0
49	50	0.0
404	405	0.0
117	406	0.0
29	150	0.0
42	150	0.0
114	150	0.0
150	360	0.0
150	407	0.0
150	238	0.0
150	343	0.0
150	408	0.0
150	340	0.0
111	150	0.0
150	185	0.0
133	150	0.0
105	150	0.0
150	235	0.0
109	150	0.0
150	389	0.0
150	205	0.0
150	236	0.0
116	150	0.0
150	151	0.0
20	150	0.0
150	234	0.0
149	150	0.0
9	150	0.0
10	150	0.0
96	150	0.0
150	152	0.0
148	150	0.0
82	150	0.0
150	153	0.0
16	150	0.0
19	150	0.0
93	150	0.0
12	150	0.0
14	150	0.0
17	150	0.0
97	150	0.0
84	150	0.0
90	150	0.0
86	150	0.0
95	150	0.0
92	150	0.0
91	150	0.0
94	150	0.0
85	150	0.0
13	150	0.0
98	150	0.0
83	150	0.0
15	150	0.0
99	150	0.0
89	150	0.0
409	410	0.0
296	411	0.0
294	296	0.0
133	296	0.0
271	412	0.0
53	271	0.0
271	272	0.0
271	276	0.0
271	273	0.0
286	413	0.0
168	375	0.0
247	414	0.0
415	416	0.0
415	417	0.0
374	418	0.0
418	419	0.0
418	420	0.0
177	421	0.0
176	177	0.0
175	177	0.0
172	422	0.0
205	423	0.0
416	417	0.0
86	234	0.0
60	234	0.0
41	234	0.0
114	234	0.0
234	424	0.0
234	386	0.0
16	234	0.0
153	234	0.0
185	234	0.0
17	234	0.0
48	234	0.0
42	234	0.0
83	234	0.0
234	236	0.0
15	234	0.0
14	234	0.0
116	234	0.0
234	314	0.0
234	316	0.0
90	234	0.0
89	234	0.0
234	315	0.0
19	234	0.0
12	234	0.0
95	234	0.0
234	260	0.0
109	234	0.0
85	234	0.0
97	234	0.0
13	234	0.0
105	234	0.0
99	234	0.0
84	234	0.0
29	234	0.0
205	234	0.0
75	425	0.0
426	427	0.0
426	428	0.0
426	429	0.0
405	426	0.0
426	430	0.0
359	362	0.0
113	362	0.0
115	362	0.0
431	432	0.0
433	434	0.0
12	236	0.0
205	236	0.0
91	236	0.0
109	236	0.0
19	236	0.0
42	236	0.0
236	435	0.0
90	236	0.0
15	236	0.0
85	236	0.0
185	236	0.0
97	236	0.0
95	236	0.0
105	236	0.0
13	236	0.0
99	236	0.0
235	236	0.0
92	236	0.0
14	236	0.0
17	236	0.0
16	236	0.0
148	236	0.0
86	236	0.0
89	236	0.0
83	236	0.0
84	236	0.0
152	236	0.0
153	236	0.0
149	236	0.0
138	140	0.0
138	139	0.0
138	143	0.0
294	323	0.0
126	294	0.0
294	354	0.0
133	294	0.0
294	436	0.0
3	168	0.0
3	437	0.0
3	4	0.0
3	100	0.0
438	439	0.0
42	205	0.0
185	205	0.0
205	386	0.0
83	205	0.0
205	235	0.0
114	205	0.0
85	205	0.0
117	205	0.0
90	205	0.0
153	205	0.0
15	205	0.0
48	205	0.0
205	408	0.0
12	205	0.0
89	205	0.0
19	205	0.0
97	205	0.0
205	314	0.0
205	316	0.0
95	205	0.0
99	205	0.0
205	315	0.0
13	205	0.0
84	205	0.0
205	260	0.0
109	205	0.0
105	205	0.0
29	205	0.0
345	440	0.0
440	441	0.0
209	440	0.0
440	442	0.0
255	440	0.0
242	440	0.0
405	430	0.0
405	428	0.0
12	20	0.0
20	85	0.0
9	20	0.0
10	20	0.0
13	20	0.0
20	97	0.0
17	20	0.0
14	20	0.0
16	20	0.0
15	20	0.0
19	20	0.0
68	443	0.0
16	41	0.0
16	29	0.0
16	435	0.0
16	111	0.0
16	133	0.0
16	235	0.0
16	151	0.0
16	389	0.0
16	444	0.0
16	343	0.0
9	16	0.0
16	148	0.0
16	124	0.0
16	149	0.0
16	152	0.0
16	109	0.0
10	16	0.0
16	116	0.0
16	153	0.0
16	82	0.0
15	16	0.0
16	83	0.0
16	89	0.0
16	99	0.0
16	92	0.0
16	98	0.0
13	16	0.0
16	96	0.0
16	85	0.0
16	94	0.0
16	91	0.0
16	97	0.0
16	86	0.0
16	95	0.0
16	90	0.0
16	84	0.0
16	93	0.0
16	19	0.0
12	16	0.0
14	16	0.0
16	17	0.0
306	445	0.0
139	141	0.0
140	141	0.0
141	143	0.0
189	446	0.0
23	447	0.0
116	447	0.0
109	447	0.0
389	447	0.0
163	397	0.0
245	448	0.0
363	448	0.0
38	448	0.0
117	448	0.0
111	449	0.0
449	450	0.0
388	449	0.0
84	282	0.0
282	386	0.0
224	282	0.0
451	452	0.0
119	436	0.0
322	442	0.0
255	322	0.0
242	322	0.0
72	161	0.0
29	72	0.0
72	453	0.0
53	72	0.0
72	220	0.0
72	242	0.0
72	180	0.0
54	72	0.0
72	133	0.0
72	347	0.0
42	72	0.0
72	185	0.0
41	72	0.0
72	190	0.0
72	388	0.0
72	383	0.0
71	72	0.0
72	157	0.0
245	454	0.0
363	454	0.0
454	455	0.0
454	456	0.0
38	454	0.0
457	458	0.0
255	441	0.0
441	442	0.0
242	441	0.0
256	270	0.0
42	256	0.0
53	256	0.0
249	256	0.0
256	367	0.0
254	256	0.0
459	460	0.0
269	386	0.0
133	269	0.0
269	385	0.0
269	353	0.0
269	352	0.0
100	269	0.0
269	354	0.0
269	351	0.0
269	300	0.0
133	295	0.0
97	133	0.0
133	247	0.0
12	133	0.0
10	133	0.0
9	133	0.0
98	133	0.0
94	133	0.0
86	133	0.0
82	133	0.0
19	133	0.0
95	133	0.0
90	133	0.0
91	133	0.0
83	133	0.0
17	133	0.0
89	133	0.0
85	133	0.0
99	133	0.0
96	133	0.0
93	133	0.0
133	379	0.0
48	133	0.0
133	380	0.0
133	381	0.0
133	382	0.0
133	383	0.0
133	384	0.0
133	385	0.0
133	220	0.0
133	370	0.0
133	149	0.0
92	133	0.0
133	165	0.0
133	265	0.0
133	386	0.0
133	330	0.0
133	360	0.0
13	133	0.0
7	133	0.0
133	353	0.0
133	388	0.0
133	352	0.0
133	300	0.0
133	387	0.0
100	133	0.0
133	461	0.0
15	133	0.0
133	351	0.0
105	133	0.0
133	354	0.0
133	301	0.0
133	254	0.0
133	135	0.0
133	209	0.0
130	133	0.0
133	390	0.0
133	160	0.0
133	213	0.0
133	306	0.0
133	163	0.0
133	392	0.0
133	393	0.0
53	133	0.0
133	391	0.0
133	284	0.0
133	264	0.0
132	133	0.0
133	232	0.0
133	394	0.0
131	133	0.0
29	343	0.0
187	343	0.0
17	343	0.0
98	343	0.0
90	343	0.0
96	343	0.0
82	343	0.0
15	343	0.0
84	343	0.0
10	343	0.0
12	343	0.0
89	343	0.0
94	343	0.0
14	343	0.0
86	343	0.0
83	343	0.0
99	343	0.0
93	343	0.0
13	343	0.0
91	343	0.0
95	343	0.0
97	343	0.0
92	343	0.0
19	343	0.0
343	462	0.0
78	463	0.0
307	464	0.0
303	430	0.0
303	428	0.0
303	427	0.0
303	402	0.0
303	403	0.0
303	460	0.0
303	465	0.0
332	466	0.0
332	467	0.0
332	381	0.0
332	382	0.0
332	468	0.0
332	469	0.0
71	161	0.0
161	244	0.0
161	309	0.0
160	161	0.0
161	250	0.0
273	412	0.0
276	412	0.0
67	117	0.0
67	102	0.0
67	363	0.0
38	67	0.0
67	242	0.0
67	450	0.0
53	160	0.0
160	190	0.0
160	309	0.0
160	250	0.0
428	470	0.0
336	428	0.0
428	429	0.0
428	471	0.0
427	428	0.0
428	430	0.0
402	428	0.0
95	124	0.0
124	472	0.0
124	265	0.0
124	473	0.0
124	474	0.0
124	151	0.0
124	152	0.0
124	475	0.0
89	124	0.0
124	476	0.0
124	477	0.0
124	424	0.0
23	124	0.0
17	124	0.0
124	435	0.0
83	124	0.0
116	124	0.0
92	124	0.0
14	124	0.0
124	444	0.0
109	124	0.0
478	479	0.0
478	480	0.0
93	111	0.0
93	424	0.0
93	462	0.0
93	149	0.0
93	116	0.0
9	93	0.0
93	235	0.0
10	93	0.0
82	93	0.0
92	93	0.0
91	93	0.0
93	94	0.0
93	96	0.0
85	93	0.0
93	98	0.0
13	93	0.0
83	93	0.0
15	93	0.0
93	99	0.0
89	93	0.0
19	93	0.0
12	93	0.0
17	93	0.0
14	93	0.0
93	97	0.0
84	93	0.0
90	93	0.0
86	93	0.0
93	95	0.0
187	189	0.0
182	189	0.0
189	190	0.0
116	189	0.0
220	383	0.0
220	379	0.0
220	481	0.0
220	370	0.0
220	265	0.0
7	204	0.0
204	482	0.0
391	483	0.0
483	484	0.0
393	485	0.0
57	485	0.0
105	265	0.0
265	444	0.0
116	265	0.0
83	265	0.0
109	265	0.0
211	265	0.0
213	265	0.0
265	370	0.0
315	316	0.0
190	250	0.0
250	309	0.0
170	486	0.0
163	333	0.0
163	291	0.0
163	218	0.0
163	487	0.0
7	163	0.0
360	382	0.0
105	382	0.0
381	382	0.0
90	435	0.0
324	435	0.0
435	477	0.0
180	435	0.0
340	435	0.0
188	435	0.0
153	435	0.0
148	435	0.0
41	435	0.0
114	435	0.0
42	435	0.0
85	435	0.0
185	435	0.0
91	435	0.0
13	435	0.0
83	435	0.0
17	435	0.0
116	435	0.0
109	435	0.0
439	488	0.0
365	439	0.0
80	371	0.0
80	143	0.0
14	185	0.0
14	105	0.0
14	102	0.0
14	151	0.0
14	198	0.0
14	29	0.0
14	444	0.0
14	389	0.0
14	149	0.0
9	14	0.0
14	235	0.0
14	148	0.0
14	152	0.0
10	14	0.0
14	153	0.0
14	109	0.0
14	82	0.0
14	96	0.0
14	116	0.0
13	14	0.0
14	98	0.0
14	85	0.0
14	94	0.0
14	91	0.0
14	92	0.0
14	89	0.0
14	99	0.0
14	15	0.0
14	83	0.0
12	14	0.0
14	17	0.0
14	19	0.0
14	86	0.0
14	95	0.0
14	90	0.0
14	84	0.0
14	97	0.0
272	489	0.0
272	273	0.0
272	276	0.0
479	490	0.0
233	239	0.0
239	276	0.0
239	255	0.0
232	239	0.0
239	491	0.0
35	239	0.0
213	239	0.0
239	492	0.0
239	242	0.0
239	244	0.0
254	354	0.0
53	254	0.0
301	493	0.0
300	493	0.0
57	276	0.0
53	57	0.0
54	57	0.0
57	386	0.0
260	261	0.0
460	494	0.0
232	495	0.0
247	495	0.0
24	300	0.0
24	126	0.0
24	475	0.0
24	496	0.0
24	35	0.0
23	24	0.0
7	24	0.0
41	95	0.0
41	386	0.0
41	99	0.0
41	190	0.0
41	497	0.0
41	241	0.0
41	116	0.0
41	46	0.0
41	187	0.0
41	340	0.0
41	184	0.0
41	243	0.0
41	183	0.0
41	114	0.0
41	180	0.0
41	188	0.0
41	42	0.0
41	185	0.0
255	442	0.0
209	255	0.0
255	492	0.0
242	255	0.0
54	255	0.0
444	473	0.0
109	473	0.0
424	473	0.0
427	471	0.0
165	291	0.0
339	378	0.0
186	378	0.0
187	378	0.0
157	383	0.0
383	388	0.0
370	383	0.0
71	383	0.0
274	276	0.0
498	499	0.0
152	387	0.0
152	238	0.0
82	152	0.0
19	152	0.0
12	152	0.0
152	408	0.0
15	152	0.0
152	477	0.0
85	152	0.0
13	152	0.0
95	152	0.0
109	152	0.0
152	235	0.0
151	152	0.0
17	152	0.0
92	152	0.0
86	152	0.0
89	152	0.0
83	152	0.0
84	152	0.0
148	152	0.0
152	153	0.0
149	152	0.0
500	501	0.0
460	502	0.0
460	503	0.0
460	504	0.0
108	460	0.0
54	460	0.0
460	465	0.0
437	505	0.0
65	247	0.0
65	185	0.0
53	65	0.0
42	65	0.0
65	244	0.0
65	248	0.0
153	238	0.0
148	238	0.0
17	238	0.0
86	238	0.0
402	403	0.0
168	376	0.0
410	506	0.0
54	507	0.0
53	248	0.0
247	248	0.0
248	264	0.0
83	424	0.0
424	463	0.0
42	424	0.0
9	424	0.0
10	424	0.0
15	424	0.0
114	424	0.0
94	424	0.0
91	424	0.0
90	424	0.0
97	424	0.0
19	424	0.0
424	475	0.0
99	424	0.0
13	424	0.0
95	424	0.0
424	474	0.0
85	424	0.0
424	508	0.0
116	424	0.0
424	444	0.0
23	424	0.0
235	424	0.0
109	424	0.0
424	477	0.0
317	509	0.0
83	185	0.0
83	111	0.0
83	151	0.0
83	389	0.0
83	444	0.0
9	83	0.0
83	149	0.0
83	148	0.0
83	116	0.0
10	83	0.0
83	109	0.0
83	153	0.0
83	96	0.0
82	83	0.0
83	92	0.0
83	91	0.0
83	94	0.0
83	85	0.0
83	98	0.0
13	83	0.0
15	83	0.0
83	99	0.0
83	89	0.0
19	83	0.0
17	83	0.0
12	83	0.0
83	97	0.0
83	84	0.0
83	90	0.0
83	95	0.0
83	86	0.0
400	510	0.0
400	511	0.0
206	400	0.0
278	400	0.0
242	512	0.0
512	513	0.0
512	514	0.0
85	185	0.0
29	85	0.0
85	117	0.0
85	477	0.0
85	105	0.0
85	153	0.0
85	116	0.0
85	109	0.0
9	85	0.0
10	85	0.0
85	96	0.0
85	235	0.0
82	85	0.0
15	85	0.0
85	99	0.0
85	89	0.0
85	92	0.0
13	85	0.0
85	98	0.0
85	91	0.0
85	94	0.0
85	97	0.0
85	90	0.0
85	95	0.0
85	86	0.0
84	85	0.0
19	85	0.0
17	85	0.0
12	85	0.0
125	300	0.0
300	360	0.0
300	385	0.0
300	301	0.0
216	300	0.0
100	300	0.0
300	351	0.0
300	352	0.0
300	354	0.0
300	353	0.0
151	408	0.0
84	408	0.0
114	408	0.0
153	408	0.0
139	368	0.0
53	368	0.0
264	368	0.0
185	241	0.0
29	185	0.0
95	185	0.0
116	185	0.0
97	185	0.0
99	185	0.0
13	185	0.0
105	185	0.0
185	240	0.0
185	190	0.0
46	185	0.0
184	185	0.0
84	185	0.0
185	187	0.0
7	185	0.0
183	185	0.0
180	185	0.0
114	185	0.0
185	243	0.0
185	188	0.0
42	185	0.0
99	462	0.0
91	462	0.0
98	462	0.0
95	462	0.0
97	462	0.0
19	462	0.0
13	462	0.0
143	195	0.0
139	143	0.0
140	143	0.0
143	467	0.0
194	247	0.0
140	194	0.0
139	194	0.0
84	510	0.0
174	352	0.0
174	421	0.0
174	175	0.0
174	176	0.0
7	323	0.0
7	515	0.0
7	516	0.0
7	276	0.0
7	517	0.0
7	53	0.0
7	242	0.0
7	218	0.0
7	305	0.0
7	213	0.0
7	165	0.0
7	170	0.0
7	306	0.0
7	172	0.0
7	244	0.0
216	301	0.0
132	390	0.0
130	390	0.0
131	390	0.0
106	339	0.0
339	340	0.0
46	339	0.0
230	339	0.0
518	519	0.0
518	520	0.0
13	29	0.0
13	105	0.0
13	153	0.0
13	109	0.0
13	116	0.0
13	148	0.0
9	13	0.0
10	13	0.0
13	82	0.0
13	96	0.0
13	235	0.0
13	98	0.0
13	94	0.0
13	91	0.0
13	92	0.0
13	89	0.0
13	99	0.0
13	15	0.0
13	17	0.0
12	13	0.0
13	19	0.0
13	95	0.0
13	86	0.0
13	90	0.0
13	84	0.0
13	97	0.0
94	116	0.0
94	148	0.0
9	94	0.0
94	235	0.0
10	94	0.0
94	96	0.0
82	94	0.0
91	94	0.0
94	98	0.0
92	94	0.0
94	99	0.0
89	94	0.0
15	94	0.0
17	94	0.0
12	94	0.0
19	94	0.0
84	94	0.0
90	94	0.0
94	95	0.0
86	94	0.0
94	97	0.0
29	42	0.0
42	386	0.0
42	116	0.0
42	46	0.0
42	84	0.0
42	105	0.0
42	190	0.0
42	184	0.0
42	187	0.0
42	243	0.0
42	183	0.0
42	188	0.0
42	114	0.0
42	180	0.0
384	484	0.0
384	521	0.0
384	522	0.0
384	388	0.0
384	387	0.0
71	184	0.0
44	188	0.0
188	354	0.0
188	244	0.0
188	386	0.0
188	340	0.0
188	243	0.0
187	188	0.0
184	188	0.0
180	188	0.0
114	188	0.0
183	188	0.0
244	523	0.0
180	241	0.0
206	329	0.0
2	329	0.0
105	329	0.0
329	330	0.0
264	309	0.0
53	309	0.0
466	524	0.0
132	233	0.0
132	232	0.0
130	132	0.0
132	135	0.0
132	461	0.0
131	132	0.0
330	437	0.0
206	330	0.0
327	330	0.0
168	330	0.0
328	330	0.0
2	330	0.0
374	419	0.0
374	420	0.0
53	264	0.0
140	323	0.0
140	467	0.0
139	140	0.0
514	525	0.0
513	525	0.0
222	223	0.0
193	526	0.0
526	527	0.0
278	325	0.0
206	278	0.0
37	193	0.0
193	528	0.0
193	195	0.0
102	193	0.0
193	197	0.0
193	198	0.0
183	386	0.0
180	183	0.0
183	186	0.0
183	243	0.0
183	184	0.0
183	187	0.0
114	183	0.0
105	183	0.0
98	463	0.0
98	245	0.0
98	102	0.0
98	116	0.0
98	198	0.0
9	98	0.0
98	235	0.0
82	98	0.0
10	98	0.0
86	98	0.0
12	98	0.0
97	98	0.0
90	98	0.0
95	98	0.0
84	98	0.0
19	98	0.0
17	98	0.0
15	98	0.0
98	99	0.0
89	98	0.0
92	98	0.0
96	98	0.0
91	98	0.0
131	232	0.0
131	233	0.0
130	131	0.0
131	135	0.0
131	461	0.0
225	529	0.0
111	529	0.0
217	530	0.0
380	388	0.0
380	531	0.0
122	380	0.0
50	245	0.0
119	225	0.0
111	119	0.0
245	456	0.0
38	245	0.0
245	532	0.0
38	455	0.0
391	484	0.0
306	391	0.0
180	190	0.0
190	533	0.0
186	190	0.0
114	190	0.0
29	190	0.0
190	347	0.0
190	201	0.0
190	202	0.0
116	190	0.0
111	225	0.0
126	323	0.0
126	352	0.0
365	488	0.0
534	535	0.0
524	536	0.0
92	111	0.0
92	151	0.0
92	389	0.0
92	444	0.0
29	92	0.0
92	198	0.0
9	92	0.0
92	149	0.0
92	148	0.0
92	153	0.0
10	92	0.0
92	109	0.0
92	116	0.0
82	92	0.0
92	96	0.0
15	92	0.0
92	99	0.0
89	92	0.0
91	92	0.0
92	97	0.0
90	92	0.0
86	92	0.0
92	95	0.0
84	92	0.0
19	92	0.0
12	92	0.0
17	92	0.0
114	386	0.0
46	386	0.0
333	537	0.0
153	323	0.0
116	153	0.0
97	153	0.0
153	233	0.0
153	232	0.0
99	153	0.0
15	153	0.0
12	153	0.0
19	153	0.0
95	153	0.0
109	153	0.0
82	153	0.0
17	153	0.0
86	153	0.0
89	153	0.0
84	153	0.0
151	153	0.0
148	153	0.0
149	153	0.0
130	135	0.0
340	497	0.0
475	477	0.0
109	475	0.0
116	475	0.0
370	538	0.0
370	387	0.0
370	371	0.0
539	540	0.0
305	539	0.0
399	519	0.0
284	399	0.0
541	542	0.0
89	184	0.0
184	243	0.0
84	184	0.0
114	184	0.0
86	184	0.0
184	186	0.0
184	187	0.0
327	328	0.0
186	273	0.0
224	273	0.0
273	543	0.0
267	273	0.0
273	276	0.0
323	354	0.0
352	354	0.0
100	354	0.0
351	354	0.0
353	354	0.0
37	198	0.0
37	38	0.0
37	102	0.0
37	463	0.0
37	117	0.0
267	276	0.0
95	148	0.0
95	117	0.0
95	477	0.0
95	444	0.0
95	151	0.0
95	105	0.0
95	116	0.0
95	109	0.0
9	95	0.0
95	235	0.0
10	95	0.0
82	95	0.0
84	95	0.0
90	95	0.0
86	95	0.0
95	97	0.0
12	95	0.0
17	95	0.0
19	95	0.0
95	99	0.0
89	95	0.0
15	95	0.0
91	95	0.0
95	96	0.0
172	544	0.0
203	388	0.0
23	508	0.0
109	508	0.0
444	508	0.0
545	546	0.0
105	514	0.0
242	514	0.0
389	514	0.0
230	514	0.0
53	514	0.0
172	514	0.0
513	514	0.0
96	463	0.0
117	235	0.0
151	235	0.0
17	235	0.0
109	235	0.0
10	235	0.0
9	235	0.0
89	235	0.0
116	235	0.0
12	235	0.0
96	235	0.0
99	235	0.0
90	235	0.0
15	235	0.0
97	235	0.0
84	235	0.0
91	235	0.0
19	235	0.0
113	547	0.0
38	548	0.0
38	115	0.0
38	456	0.0
38	195	0.0
38	197	0.0
38	102	0.0
38	363	0.0
284	519	0.0
549	550	0.0
89	551	0.0
113	551	0.0
84	551	0.0
97	551	0.0
10	407	0.0
9	407	0.0
109	407	0.0
84	407	0.0
15	407	0.0
105	407	0.0
187	243	0.0
180	187	0.0
187	340	0.0
114	187	0.0
186	187	0.0
53	242	0.0
53	54	0.0
53	371	0.0
53	232	0.0
53	513	0.0
53	209	0.0
23	552	0.0
165	333	0.0
211	333	0.0
102	111	0.0
86	102	0.0
102	115	0.0
102	117	0.0
29	102	0.0
97	102	0.0
102	361	0.0
102	528	0.0
102	527	0.0
99	102	0.0
102	196	0.0
102	197	0.0
102	198	0.0
102	195	0.0
305	306	0.0
306	540	0.0
23	389	0.0
116	389	0.0
109	389	0.0
86	389	0.0
17	389	0.0
89	389	0.0
230	389	0.0
157	247	0.0
247	553	0.0
247	442	0.0
244	247	0.0
82	151	0.0
17	151	0.0
86	151	0.0
151	477	0.0
89	151	0.0
109	151	0.0
84	151	0.0
149	151	0.0
148	151	0.0
73	492	0.0
213	492	0.0
242	492	0.0
54	492	0.0
244	492	0.0
109	316	0.0
109	554	0.0
109	113	0.0
19	109	0.0
15	109	0.0
109	474	0.0
84	109	0.0
109	114	0.0
90	109	0.0
89	109	0.0
109	477	0.0
17	109	0.0
109	444	0.0
23	109	0.0
109	116	0.0
444	476	0.0
91	444	0.0
89	444	0.0
444	474	0.0
23	444	0.0
17	444	0.0
444	477	0.0
116	444	0.0
168	437	0.0
186	555	0.0
15	360	0.0
15	148	0.0
15	105	0.0
15	111	0.0
15	116	0.0
9	15	0.0
10	15	0.0
15	82	0.0
15	96	0.0
15	19	0.0
15	17	0.0
15	90	0.0
15	89	0.0
12	15	0.0
15	97	0.0
15	84	0.0
15	86	0.0
15	91	0.0
15	99	0.0
233	387	0.0
387	388	0.0
116	180	0.0
46	180	0.0
105	180	0.0
114	180	0.0
522	556	0.0
175	421	0.0
175	176	0.0
419	420	0.0
89	111	0.0
84	111	0.0
111	450	0.0
90	111	0.0
105	111	0.0
99	111	0.0
86	111	0.0
111	360	0.0
91	111	0.0
19	111	0.0
2	105	0.0
29	91	0.0
91	360	0.0
91	116	0.0
91	198	0.0
9	91	0.0
10	91	0.0
82	91	0.0
91	96	0.0
89	91	0.0
91	99	0.0
19	91	0.0
12	91	0.0
17	91	0.0
91	97	0.0
86	91	0.0
90	91	0.0
84	91	0.0
211	499	0.0
84	211	0.0
557	558	0.0
54	450	0.0
206	209	0.0
206	559	0.0
115	197	0.0
388	560	0.0
402	429	0.0
402	427	0.0
402	430	0.0
99	114	0.0
105	114	0.0
29	114	0.0
114	116	0.0
114	243	0.0
84	114	0.0
114	340	0.0
46	114	0.0
195	528	0.0
198	528	0.0
353	385	0.0
352	353	0.0
351	353	0.0
100	353	0.0
351	352	0.0
100	351	0.0
477	554	0.0
305	540	0.0
360	381	0.0
105	381	0.0
68	561	0.0
73	562	0.0
176	421	0.0
100	352	0.0
116	477	0.0
46	116	0.0
9	116	0.0
10	116	0.0
86	116	0.0
12	116	0.0
96	116	0.0
84	116	0.0
90	116	0.0
97	116	0.0
82	116	0.0
19	116	0.0
99	116	0.0
110	116	0.0
23	116	0.0
89	116	0.0
17	116	0.0
209	563	0.0
209	442	0.0
209	242	0.0
54	209	0.0
195	361	0.0
197	361	0.0
198	361	0.0
361	388	0.0
17	23	0.0
23	477	0.0
172	317	0.0
172	513	0.0
54	172	0.0
17	29	0.0
17	110	0.0
17	198	0.0
9	17	0.0
17	148	0.0
17	149	0.0
10	17	0.0
17	82	0.0
17	96	0.0
17	99	0.0
17	89	0.0
12	17	0.0
17	19	0.0
17	84	0.0
17	90	0.0
17	86	0.0
17	97	0.0
213	280	0.0
263	266	0.0
564	565	0.0
242	491	0.0
35	491	0.0
244	491	0.0
186	202	0.0
29	566	0.0
106	371	0.0
356	357	0.0
323	567	0.0
165	218	0.0
224	336	0.0
224	337	0.0
224	276	0.0
27	54	0.0
148	568	0.0
233	244	0.0
29	244	0.0
35	244	0.0
244	276	0.0
54	244	0.0
244	388	0.0
117	244	0.0
232	244	0.0
213	244	0.0
242	244	0.0
218	562	0.0
336	337	0.0
427	429	0.0
429	430	0.0
1	213	0.0
242	513	0.0
9	96	0.0
10	96	0.0
82	96	0.0
86	96	0.0
84	96	0.0
12	96	0.0
96	97	0.0
19	96	0.0
96	99	0.0
89	96	0.0
90	96	0.0
54	105	0.0
54	243	0.0
168	336	0.0
84	113	0.0
113	117	0.0
105	215	0.0
105	276	0.0
12	105	0.0
9	12	0.0
10	12	0.0
12	82	0.0
12	19	0.0
12	97	0.0
12	84	0.0
12	86	0.0
12	90	0.0
12	89	0.0
12	99	0.0
474	477	0.0
201	202	0.0
82	232	0.0
35	232	0.0
232	442	0.0
232	233	0.0
64	232	0.0
97	360	0.0
84	360	0.0
99	360	0.0
19	360	0.0
105	360	0.0
196	364	0.0
427	430	0.0
99	196	0.0
196	197	0.0
196	198	0.0
195	196	0.0
29	149	0.0
82	149	0.0
86	149	0.0
148	149	0.0
84	149	0.0
89	149	0.0
242	442	0.0
19	29	0.0
9	19	0.0
10	19	0.0
19	82	0.0
19	99	0.0
19	89	0.0
19	84	0.0
19	90	0.0
19	86	0.0
19	97	0.0
139	467	0.0
86	198	0.0
29	198	0.0
97	198	0.0
99	198	0.0
195	198	0.0
197	198	0.0
84	323	0.0
29	84	0.0
84	301	0.0
84	105	0.0
9	84	0.0
84	148	0.0
10	84	0.0
82	84	0.0
84	388	0.0
84	90	0.0
84	89	0.0
84	97	0.0
84	86	0.0
84	99	0.0
34	35	0.0
33	34	0.0
195	197	0.0
97	105	0.0
99	105	0.0
105	117	0.0
105	517	0.0
517	569	0.0
46	230	0.0
230	340	0.0
570	571	0.0
369	371	0.0
117	532	0.0
195	527	0.0
9	90	0.0
10	90	0.0
82	90	0.0
89	90	0.0
90	99	0.0
90	97	0.0
86	90	0.0
29	86	0.0
29	97	0.0
29	99	0.0
46	340	0.0
213	284	0.0
157	572	0.0
10	82	0.0
10	86	0.0
10	89	0.0
10	99	0.0
10	97	0.0
9	97	0.0
82	97	0.0
86	97	0.0
89	97	0.0
97	99	0.0
9	86	0.0
9	82	0.0
9	89	0.0
9	99	0.0
99	117	0.0
99	148	0.0
82	99	0.0
86	99	0.0
89	99	0.0
301	550	0.0
157	388	0.0
89	148	0.0
82	89	0.0
86	89	0.0
213	301	0.0
130	461	0.0
82	148	0.0
82	86	0.0
388	521	0.0
86	148	0.0
