mRNA_size	ORF_size	Fickett_score	Hexamer_score	coding_prob
ENST00000373669.7	1321	471	0.8748	0.110422204368	0.741580041390273
ENST00000439980.7	577	255	0.9725	0.147173153019	0.318261409013557
ENST00000453707.6	998	660	0.8969	0.283942807154	0.986817020290679
ENST00000651998.1	814	582	0.9943	0.305739750815	0.980564394283578
ENST00000445983.5	820	582	0.9943	0.305739750815	0.980558123490349
ENST00000348261.11	8219	7062	1.2544	0.570110678942	1
ENST00000565831.6	7815	7044	1.2544	0.57175842885	1
ENST00000564954.1	607	414	1.1987	0.424682746514	0.970090089156458
ENST00000564231.5	3343	3147	1.3108	0.5649420848	1
ENST00000283875.6	3000	1320	1.0823	0.306540846331	0.999995738906053
ENST00000497393.1	567	483	0.9273	0.212648091361	0.884024411515375
ENST00000552067.5	621	438	1.1536	0.31304591493	0.948535576706469
ENST00000546939.5	779	471	1.125	0.309817328183	0.959159459089855
ENST00000301061.9	2246	1170	0.8545	0.375721515817	0.999968443298058
ENST00000407467.5	1802	576	1.1222	0.389678747069	0.991422339154503
ENST00000403957.5	1817	522	1.0895	0.363448410681	0.979630155388619
ENST00000221130.11	3034	1569	1.2202	0.310103204859	0.999999839803454
ENST00000541648.5	1410	1410	1.1292	0.320564041793	0.999998885199931
ENST00000494297.5	555	153	0.81	0.227625926389	0.121994219974141
ENST00000466636.1	917	318	0.8126	0.281551446273	0.547025276249169
ENST00000229003.7	2332	1110	1.0636	0.420311099098	0.999976979298204
ENST00000422538.8	2378	1233	1.0443	0.391593549933	0.999992584096447
ENST00000545824.2	1513	1044	1.0113	0.411092564295	0.99994167241357
ENST00000551186.1	652	108	1.1703	-0.0293911292215	0.0573195798968809
ENST00000273153.10	3164	1770	0.7258	0.365193331611	0.999999932995668
ENST00000514182.1	2593	1770	0.7258	0.365193331611	0.999999935060984
ENST00000570631.5	1509	1062	1.1569	0.501059053229	0.999983278966793
ENST00000575198.1	185	162	0.7472	-0.0133712075358	0.0284257863564021
ENST00000366669.9	2932	2217	0.9261	0.16335402992	0.9999999992401
ENST00000366668.7	2843	2214	0.9261	0.16300412075	0.999999999216326
ENST00000529198.1	614	240	0.7301	-0.00136149727559	0.064854105739346
ENST00000647558.1	240	240	0.7301	-0.00136149727559	0.0661089628574714
ENST00000259392.8	1723	432	1.2771	0.2743089062	0.951530460995013
ENST00000490809.1	771	141	1.0743	-0.0518655729602	0.0519206567779508
ENST00000374220.3	1750	357	1.3017	0.298309159657	0.914276817485357
ENST00000366658.6	1170	696	0.9349	0.162000592386	0.98369592675879
ENST00000459891.1	1009	315	0.9413	0.118611822701	0.402499537054371
ENST00000359051.7	1635	1164	0.8413	0.261145957576	0.999931546628035
ENST00000336307.6	1878	1254	0.928	0.268738212357	0.999982048342831
ENST00000621157.5	1696	1254	0.928	0.268738212357	0.999982226593599
ENST00000513170.1	636	417	0.7403	0.25547662007	0.711811920359832
ENST00000412723.6	2688	1740	1.2086	0.290012787095	0.999999972718334
ENST00000238138.2	868	261	0.8456	0.0945941173752	0.187381953793646
ENST00000646748.1	2744	564	0.9946	0.293003286053	0.971737841769181
ENST00000565150.2	1940	564	0.9946	0.293003286053	0.972923694868236
ENST00000373840.9	4149	648	1.0076	0.0432125646609	0.949276704348184
ENST00000451303.1	711	543	1.0392	0.0444661795628	0.886918289671682
ENST00000393459.5	3098	978	1.2668	0.399873366554	0.999940930945387
ENST00000470252.1	2541	258	0.5402	-0.109326388931	0.0201811287517551
ENST00000224807.9	3089	978	1.2668	0.399873366554	0.999940960085961
ENST00000308744.10	1922	1569	0.9865	0.130639868787	0.999998997687792
ENST00000395999.5	1866	1272	1.1902	0.13900301603	0.999986946323919
ENST00000506359.1	1171	771	1.057	0.210246329565	0.996503886219588
ENST00000304733.7	2081	696	0.6571	-0.0265126496009	0.875269507328568
ENST00000002501.10	2079	696	0.6571	-0.0265126496009	0.875281479003811
ENST00000359744.8	1121	726	0.8888	-0.0883451352375	0.94048355987111
ENST00000616481.4	1252	726	0.8888	-0.0883451352375	0.940080228308714
ENST00000373863.3	1729	1611	0.9108	0.175287524742	0.999999386235709
ENST00000471498.5	1806	1089	0.9976	0.129052906931	0.999792057815034
ENST00000256015.5	4629	516	0.9127	0.313905122579	0.939443174235845
ENST00000552315.1	504	252	0.8721	0.284244087685	0.424177968633094
ENST00000649095.1	2186	1482	0.866	0.142304221119	0.999996201054364
ENST00000445696.6	1505	1050	0.8582	0.141683844749	0.999526239375443
ENST00000648612.1	171	171	0.6826	0.0880772216643	0.0457718696736761
ENST00000649278.1	718	471	1.3264	0.603674405715	0.996449792091382
ENST00000397227.7	818	318	1.2953	0.606309184313	0.978725775870874
ENST00000382809.2	378	378	1.3584	0.611691260644	0.991626929564896
ENST00000301071.12	1672	1356	1.2226	0.438100834545	0.99999926510529
ENST00000550767.5	1384	1251	1.2028	0.433157063207	0.99999741647836
ENST00000612035.4	2161	2031	1.1025	0.300709349041	0.999999998619426
ENST00000610402.5	5700	2856	1.1025	0.279332972334	0.999999999999813
ENST00000533044.5	564	375	1.3719	0.735428330933	0.996041689070528
ENST00000527194.5	806	396	1.3503	0.70641301249	0.995926272670285
ENST00000357631.6	2906	387	1.3126	0.597110642141	0.988904340284222
ENST00000446961.3	3074	555	1.3522	0.630701014152	0.998771495547457
ENST00000554913.5	2539	1041	1.2391	0.467565709447	0.999979344671614
ENST00000352127.11	2563	1041	1.2391	0.467565709447	0.999979317472891
ENST00000554774.1	510	432	1.2402	0.520549146771	0.987999094400329
ENST00000555451.1	409	282	1.11	0.388143665166	0.815442650446004
ENST00000338825.5	827	399	0.8408	0.0306906983557	0.419390606766928
ENST00000520657.1	695	399	0.8408	0.0306906983557	0.421154030220418
ENST00000340004.6	1722	804	0.944	0.343250240312	0.998356301232201
ENST00000474924.5	560	513	0.7604	0.32517100035	0.922342657232269
ENST00000475191.5	535	453	0.8621	0.366914979754	0.917481028670073
ENST00000471774.5	443	195	1.1698	-0.174528064005	0.0631068494854208
ENST00000461169.1	734	408	1.1088	0.422749503427	0.956206001694078
ENST00000484501.1	427	144	0.6459	0.0600147837225	0.0253291817285686
ENST00000491483.5	956	633	1.1075	0.34884182785	0.994150829179054
ENST00000475972.1	1787	510	1.288	0.337342279861	0.986161350447521
ENST00000225388.9	10877	2088	1.0203	0.129905641967	0.999999995595861
ENST00000579665.1	559	363	1.2496	0.252069782853	0.884856897076104
ENST00000620761.6	1511	1377	0.8972	0.271586381902	0.999995143293675
ENST00000602656.1	714	222	0.9862	0.063790442499	0.168366867161721
ENST00000469243.5	2107	1620	1.2532	0.458175576627	0.999999968728917
ENST00000490472.1	708	456	1.1269	0.292215304225	0.947459185492546
ENST00000322428.10	1715	771	1.084	0.494990372955	0.999415256189432
ENST00000532522.5	1098	771	1.084	0.494990372955	0.999434696715466
ENST00000544475.5	2999	2919	1.0616	0.396463185798	1
ENST00000541804.1	1514	1446	1.1298	0.457433802281	0.999999674051149
ENST00000537239.2	717	429	0.9152	0.327906868897	0.88859303869937
ENST00000455537.7	5779	3099	1.3132	0.572358351788	1
ENST00000286452.5	3527	2832	1.2877	0.59095824995	1
ENST00000367922.7	10160	2568	1.0546	0.310700760869	0.999999999994156
ENST00000367921.8	10086	2568	1.0546	0.310700760869	0.999999999994179
ENST00000423968.7	4098	627	1.3114	0.462552061495	0.998146982596519
ENST00000494949.5	431	321	1.3188	0.467521710384	0.957805152084927
ENST00000621127.4	3801	399	1.2986	0.4211974959	0.969512408101093
ENST00000375940.8	3080	2640	0.9765	0.0413918037089	0.999999999988116
ENST00000342386.10	2968	2523	0.9534	0.0469682393429	0.99999999995422
ENST00000484062.1	743	270	0.7632	-0.425259531426	0.00817691322254749
ENST00000421852.6	2805	795	1.1929	0.190895570758	0.997939119386344
ENST00000300209.13	2687	681	1.2558	0.39281165202	0.998266239894375
ENST00000333012.5	2762	450	0.8658	0.275372869581	0.846859982642118
ENST00000324871.12	1378	831	1.1731	0.395153748786	0.999604437262024
ENST00000548504.1	371	312	1.1204	0.352061989681	0.837587439221061
ENST00000551117.1	503	399	1.3184	0.400233826634	0.972915817592578
ENST00000553125.5	717	429	1.1473	0.383711106878	0.961401292608915
ENST00000296277.9	729	156	0.9085	0.0429223107138	0.0611719834460795
ENST00000433055.1	749	177	0.8028	-0.104072596222	0.0228996666528495
ENST00000358701.9	4530	2097	1.0744	0.36723034933	0.999999999447225
ENST00000455222.1	851	798	1.1146	0.351426665712	0.999113636144768
ENST00000547379.6	11936	1437	0.7609	0.00960547285037	0.999965522750274
ENST00000261187.8	11777	1437	0.7609	0.00960547285037	0.999965822012231
ENST00000619750.1	2695	2490	1.209	0.388034686874	0.999999999996588
ENST00000612467.1	2712	2079	1.2502	0.451315604409	0.999999999799586
ENST00000327490.8	1446	495	1.2996	0.467471998929	0.992944624273559
ENST00000587913.1	286	192	1.095	0.388192026886	0.606875577405863
ENST00000220809.8	2706	1689	0.9585	0.344547130264	0.999999917813745
ENST00000519510.5	2030	1500	0.876	0.327862516188	0.999999035068909
ENST00000612073.1	2785	2427	1.2318	0.349435001423	0.999999999991893
ENST00000398594.3	4765	2790	1.2128	0.384637780255	0.999999999999866
ENST00000367770.5	2916	2229	0.882	0.101925776063	0.999999998878032
ENST00000367772.8	3090	2229	0.882	0.101925776063	0.999999998867277
ENST00000252087.2	4761	2835	1.0642	0.376074853272	0.999999999999857
ENST00000610789.1	2763	2637	1.1056	0.334421189419	0.999999999998692
ENST00000368817.10	1161	744	1.0794	0.265183343975	0.996864005140595
ENST00000453881.2	355	216	1.0849	0.0315582430025	0.182418547776644
ENST00000264485.11	7716	3240	1.0748	0.198814301845	1
ENST00000351898.10	3771	2988	1.0881	0.207870658261	1
ENST00000397732.8	4897	1926	0.914	0.0626476594446	0.999999957832322
ENST00000455490.1	400	216	0.7584	0.0473728948815	0.0736418554568371
ENST00000320591.9	2323	849	0.6683	0.255317591878	0.995484326582672
ENST00000534837.5	2695	831	0.7013	0.249028650151	0.994777228916019
ENST00000536467.1	290	228	1.0006	0.0597702545849	0.185181784343901
ENST00000579390.1	869	750	1.2676	0.580686828908	0.999777002066924
ENST00000463525.1	722	642	1.2197	0.506607555335	0.998632289245655
ENST00000378959.9	872	492	0.7519	0.293940383818	0.881189432815037
ENST00000297613.4	1092	492	0.7519	0.293940383818	0.879920695525631
ENST00000380569.6	1846	1653	1.2068	0.323256455436	0.999999943295133
ENST00000484300.1	955	414	1.0143	0.220254677314	0.82976091418221
ENST00000487232.1	799	741	1.0712	0.349479134467	0.99803680458646
ENST00000452490.3	2271	837	0.9865	0.33739825504	0.998951399762829
ENST00000328379.5	1105	423	1.1995	0.354464745287	0.9580828394376
ENST00000467797.1	424	135	0.846	-0.290609467855	0.00554899195892962
ENST00000238044.8	753	447	1.0158	0.43146524733	0.962711268512791
ENST00000479337.1	617	330	1.0036	0.461118293896	0.889675662003527
ENST00000306125.12	2449	2328	1.2404	0.430414134742	0.999999999985692
ENST00000482468.6	402	387	0.8096	0.430856720888	0.868131747558411
ENST00000368656.7	2551	243	0.883	-0.0171323026235	0.0903115807481916
ENST00000604268.1	598	243	0.883	-0.0171323026235	0.0995037239532051
ENST00000589900.5	2057	861	1.1838	0.366745346243	0.999663879356224
ENST00000587992.1	2491	687	1.0633	0.351810376016	0.996014956788248
ENST00000592945.1	658	567	1.1392	0.323888230857	0.987523863113025
ENST00000369310.7	2046	1398	0.7531	0.0973480798893	0.999981294820089
ENST00000354462.7	3403	597	0.9375	0.151516436908	0.94349232641125
ENST00000591969.1	742	531	1.2298	0.546394320509	0.996411970454505
ENST00000611074.4	3586	2271	1.1615	0.472128372212	0.999999999970638
ENST00000411866.5	986	180	1.0666	-0.00937610797067	0.0954451848047992
ENST00000440576.2	718	180	1.0666	-0.00937610797067	0.0967214288571965
ENST00000369682.4	10885	5616	1.2533	0.585273073363	1
ENST00000467463.1	384	189	1.0883	-0.15484142845	0.0510228010964494
ENST00000445782.2	980	462	1.133	0.439676506723	0.979372145125817
ENST00000309451.7	599	477	1.1772	0.533976983289	0.991620759950577
ENST00000374467.4	2170	636	1.2171	0.45318624753	0.997792286614761
ENST00000442998.6	2212	462	0.955	0.394242274088	0.948014924648515
ENST00000360661.9	2132	576	1.1347	0.453882854809	0.994317034484821
ENST00000315073.10	3645	1893	1.1996	0.532904800189	0.999999998773651
ENST00000503114.1	1904	891	1.2256	0.582718803659	0.999944351851069
ENST00000560261.1	595	75	0.6976	-0.259088966028	0.0020466453755498
ENST00000258874.3	907	612	1.1182	0.396963659262	0.994686796165917
ENST00000559722.2	948	699	0.8631	0.254966119984	0.988595435922242
ENST00000615374.5	679	540	1.0686	0.317066496036	0.977760485047278
ENST00000479961.1	859	540	1.0686	0.317066496036	0.977544855731958
ENST00000393409.2	9066	5691	1.3029	0.661088975173	1
ENST00000503363.1	410	204	0.9527	0.0119146818292	0.0986571814783854
ENST00000407838.7	3112	711	1.0803	0.285742899599	0.995563122520898
ENST00000498834.5	803	255	0.9571	0.260331683577	0.464914185386955
ENST00000339824.6	17726	2853	1.3126	0.435377536447	1
ENST00000543793.1	477	102	0.6747	-0.181501491373	0.00411463773599595
ENST00000359139.7	4035	2784	1.2362	0.45561557447	1
ENST00000395744.7	3293	2799	1.2518	0.452754049635	1
ENST00000592285.1	336	219	1.1203	0.488977998856	0.807265273577908
ENST00000589571.1	543	321	1.3108	0.667901756815	0.986673559725766
ENST00000416695.6	3451	951	1.2526	0.370344582482	0.999897667329279
ENST00000342462.5	4310	1362	1.296	0.340176908842	0.999998882943893
ENST00000302228.9	3018	972	1.0818	0.384461693786	0.999869336591234
ENST00000448970.6	449	360	0.9382	0.254515168134	0.72173996697657
ENST00000378133.4	2726	2424	1.1338	0.409035233307	0.999999999991841
ENST00000394633.7	2204	2061	1.0946	0.357840590892	0.999999999281244
ENST00000266673.9	5656	1011	0.9314	-0.0338983253598	0.99792818612373
ENST00000550787.1	567	177	0.9299	-0.0609062318414	0.045502965596628
ENST00000463753.5	2964	201	0.8131	-0.0906504479366	0.0296137458138713
ENST00000483969.5	832	186	0.8444	0.0622322849173	0.075526452008316
ENST00000374459.5	3264	1470	1.2952	0.535457646361	0.999999903402216
ENST00000395810.5	3235	1446	1.2952	0.536324878832	0.999999874511938
ENST00000616325.1	3418	2433	1.1998	0.426801000946	0.99999999999452
ENST00000398640.6	6115	2850	1.0314	0.417266611402	0.999999999999887
ENST00000529310.6	5395	2880	1.1947	0.427593011775	1
ENST00000527624.1	2231	2088	1.1795	0.389042100859	0.999999999671371
ENST00000358435.8	778	168	0.8998	0.119968349703	0.103230944470226
ENST00000405021.7	455	156	0.6542	-0.286142950658	0.00372337937076205
ENST00000389617.8	3260	1332	1.0872	0.210006724672	0.999993324591433
ENST00000491839.1	494	492	0.7209	0.148466886812	0.737851784341761
ENST00000543155.6	1831	828	1.1947	0.473835040244	0.999758481309575
ENST00000534877.5	1707	828	1.1947	0.473835040244	0.999760117451756
ENST00000434038.6	690	150	0.8552	-0.181076011287	0.0128821189587565
ENST00000285605.8	3213	522	1.303	0.608418641734	0.997574024632665
ENST00000256545.9	1069	729	0.8139	0.138861456606	0.980489813691338
ENST00000527822.5	581	312	0.7658	0.0145066416091	0.162210229211404
ENST00000616463.1	3388	378	0.7384	0.0511241650064	0.282998408886105
ENST00000401557.7	705	705	0.5841	0.0218829252122	0.897205123103233
ENST00000531287.5	1706	1647	1.1869	0.222590409434	0.999999881278726
ENST00000531452.5	2695	2112	1.1347	0.212632869812	0.999999999122747
ENST00000300650.9	3477	2112	1.1347	0.212632869812	0.999999999084314
ENST00000529639.6	506	402	1.186	0.511242539962	0.978792668255526
ENST00000525297.5	355	297	1.21	0.515996059121	0.941426258509362
ENST00000493963.5	1121	660	0.9418	-0.0142580540354	0.934258735187337
ENST00000474927.1	311	144	0.8851	-0.00717229931424	0.0381648182922486
ENST00000377687.6	3349	1374	1.0236	0.232684866664	0.999995450364888
ENST00000476859.1	767	669	1.0241	0.146868565369	0.982631740738465
ENST00000464404.2	130	9	0.8105	-1.09038283688	9.56166714481415e-06
ENST00000539231.5	2951	1101	0.8719	0.17092645896	0.999768408879551
ENST00000478022.3	615	186	0.8075	-0.190466801454	0.0154665014196064
ENST00000645174.1	659	366	0.6843	0.0400598453995	0.237236727833907
ENST00000323303.9	3752	678	0.9301	-0.00742153175458	0.937748561732018
ENST00000448447.6	1021	615	0.8866	-0.0286988072321	0.867397775159251
ENST00000263270.10	935	429	1.3275	0.713215865432	0.997052733827074
ENST00000601649.1	315	315	1.3009	0.713493981998	0.98893129447609
ENST00000392514.9	1105	954	1.3408	0.46659157673	0.999964197983399
ENST00000551914.1	402	363	1.2686	0.510926851523	0.975497466812439
ENST00000360271.3	3201	1155	1.2996	0.517448378338	0.999996411902279
ENST00000474787.1	4412	651	1.2368	-0.0136757379406	0.967495593719272
ENST00000267116.8	8681	3231	1.2446	0.398755229662	1
ENST00000548081.1	556	429	1.2233	0.461771240096	0.981287546379701
ENST00000567379.5	694	303	1.2441	0.568816693998	0.963163262403415
ENST00000563798.1	459	267	1.2568	0.574160042199	0.950266099248284
ENST00000398439.8	5200	747	1.0265	0.208824635262	0.993627764745746
ENST00000587291.5	482	351	0.9967	0.159313189208	0.616461683944204
ENST00000332780.4	1972	1065	1.0534	0.301152125717	0.99992029755231
ENST00000462582.1	832	303	0.4952	-0.114401252976	0.0301376264181499
ENST00000547114.3	732	207	0.4391	-0.117828075791	0.00854262168505047
ENST00000625301.1	605	570	0.6048	0.0023138825528	0.648917215854654
ENST00000556529.3	809	378	1.1701	0.383668495639	0.938073896833067
ENST00000629763.2	838	600	1.2302	0.552828674518	0.998396044679555
ENST00000371464.8	1070	606	1.1904	0.563793187948	0.998369801171944
ENST00000366958.8	8240	2214	0.938	0.284229244362	0.999999999515427
ENST00000435016.2	3075	2214	0.938	0.284229244362	0.999999999634939
ENST00000221573.11	1520	1005	1.1157	0.403377586199	0.999933996470443
ENST00000597584.5	1413	294	1.0547	0.313726923798	0.71560500110555
ENST00000257905.13	1828	516	1.0215	0.346882690129	0.969835378382349
ENST00000553113.5	547	204	0.5405	-0.209891980376	0.00678216355848414
ENST00000375731.8	1577	1020	1.0116	0.147266524199	0.999620935572903
ENST00000303617.5	1490	933	1.0585	0.151383367269	0.999171868406221
ENST00000644541.1	2851	1557	0.7122	0.091239163442	0.999996056172878
ENST00000645041.1	1432	1392	0.8609	0.154197337778	0.999990553083705
ENST00000668754.1	7285	5376	0.922	0.157001774125	1
ENST00000302328.8	6502	5376	0.922	0.157001774125	1
ENST00000300571.7	5144	1212	1.2847	0.525312776463	0.999997882799211
ENST00000569102.1	491	87	0.7384	-0.331220896019	0.00174959436282706
ENST00000445622.5	693	414	1.2436	0.537011683363	0.986756343464172
ENST00000617207.4	1949	1257	1.2496	0.628351446157	0.999999351318054
ENST00000492469.2	552	435	0.8339	0.21362207064	0.764742230623806
ENST00000375499.7	1153	843	0.8349	0.301380560853	0.998066565484694
ENST00000475049.5	397	189	1.013	0.365297495359	0.493237831081772
ENST00000640694.1	5958	3465	1.054	0.506231993264	1
ENST00000642864.1	6037	4467	0.9621	0.432608362088	1
ENST00000261233.8	8663	1791	0.6556	0.0751725644342	0.999999469803745
ENST00000457197.2	1853	1608	0.6589	0.0726317940714	0.999997160859699
ENST00000262958.3	2133	1125	1.2833	0.687269565247	0.999998213308328
ENST00000586082.1	579	270	1.2478	0.73890759491	0.981030069971493
ENST00000389735.7	1763	1065	0.7226	0.25462037774	0.999673220833689
ENST00000509551.5	774	699	0.6957	0.236207835962	0.977706744088794
ENST00000278483.8	1108	594	0.8244	0.0190917705735	0.847357206884179
ENST00000618164.1	499	396	0.8441	0.0144736519283	0.394630734804076
ENST00000311106.8	5136	2262	0.9984	0.258682272932	0.999999999773471
ENST00000508626.5	2234	2121	0.9984	0.24926805255	0.999999999009347
ENST00000392859.7	1709	1272	1.0627	0.230411335059	0.999988466152041
ENST00000264028.5	3994	1536	1.0263	0.218516179281	0.999999169175769
ENST00000398136.7	3304	627	1.1603	0.0637017977541	0.967435325025213
ENST00000528969.5	568	363	0.9398	-0.041568047739	0.307666412078656
ENST00000423313.6	4548	462	0.6702	-0.0835557981658	0.248647868047898
ENST00000545251.6	2485	462	0.6702	-0.0835557981658	0.270375203306236
ENST00000563563.2	570	81	1.0891	0.0957483234656	0.067976919767844
ENST00000619513.1	4340	462	0.6702	-0.0835557981658	0.250784658830019
ENST00000547357.5	1665	1602	0.8463	0.06124450006	0.999998312205369
ENST00000550058.1	568	534	1.0791	0.0486332702792	0.893749104543806
ENST00000551722.1	765	477	0.7933	0.0437522373934	0.614506245546604
ENST00000360423.11	1390	888	1.2772	0.537937017497	0.99993854547549
ENST00000569544.5	740	327	1.3251	0.571961241058	0.978710363117363
ENST00000565290.5	906	906	1.297	0.53488382396	0.999953443482302
ENST00000563944.1	858	456	1.2853	0.560807007693	0.993693757849741
ENST00000569622.5	937	654	1.0474	0.161875868417	0.982533317076876
ENST00000565417.5	3103	657	0.8542	-0.0210270973084	0.897406936098289
ENST00000256689.10	4795	1521	0.8547	-0.0025569572664	0.999992904499237
ENST00000547252.5	847	705	0.6863	0.0448460277154	0.934036263944255
ENST00000643230.2	7273	2328	0.7396	0.133497946023	0.999999999365121
ENST00000643441.1	2414	2148	0.7962	0.149844384644	0.999999997285098
ENST00000378609.9	3163	1023	0.9596	0.40786404511	0.99990157832949
ENST00000437146.1	423	321	1.0692	0.416027074172	0.875434396841009
ENST00000311308.6	843	720	1.1143	0.562302838716	0.99940947386537
ENST00000593586.1	2323	702	0.8821	0.256805412956	0.98898149566186
ENST00000452361.5	2040	1092	1.0535	0.352347676623	0.999956664128617
ENST00000441673.2	1668	792	1.2454	0.378018805178	0.999462385175898
ENST00000470295.5	758	231	0.9688	0.458899032638	0.698186902270594
ENST00000476185.1	474	186	1.129	0.512033971414	0.773025316584259
ENST00000650108.1	5556	3126	1.1932	0.465796519176	1
ENST00000543453.1	205	45	0.7749	-0.0850223076569	0.00559092438105373
ENST00000649644.1	8843	1668	0.8814	0.106595782087	0.999999195547245
ENST00000504123.6	8865	1668	0.8814	0.106595782087	0.999999194576259
ENST00000497048.5	2393	1290	0.942	0.351999827934	0.999992903120294
ENST00000493306.1	2706	1542	0.9426	0.327010723789	0.999999499892903
ENST00000476977.5	5868	2883	1.2851	0.524295302688	1
ENST00000486086.1	440	72	0.5661	-0.636985798103	0.000128294464511086
ENST00000308418.8	2794	495	1.2096	0.52881551964	0.992860707104744
ENST00000531596.6	2085	495	1.2096	0.52881551964	0.99313105440148
ENST00000642430.1	1909	246	1.1194	0.535623455513	0.873040524083856
ENST00000320246.9	3447	942	1.2952	0.509364662436	0.999957973571079
ENST00000394199.6	2535	1044	1.3108	0.474567742258	0.999985052501954
ENST00000381418.9	5474	3570	0.7658	0.316406188254	1
ENST00000312841.9	5351	3405	0.7317	0.309832414232	1
ENST00000518461.2	560	453	1.0403	0.436356867962	0.969019028419142
ENST00000308748.10	1816	1173	0.6673	0.261339396287	0.999886253157184
ENST00000651383.1	563	330	1.1498	0.366052376132	0.88262052365347
ENST00000300055.10	2916	1569	1.2244	0.497563258143	0.999999949705584
ENST00000560330.1	698	309	0.4974	-0.275547520387	0.0125277563458721
ENST00000400419.1	822	258	0.9198	0.235223515622	0.403959171167486
ENST00000617002.1	255	255	0.9363	0.271500455137	0.471418020483231
ENST00000465238.5	587	129	1.0467	-0.0252399973568	0.0491510577237048
ENST00000487017.5	5807	2976	1.2096	0.216685120722	1
ENST00000328333.12	9276	8835	0.9351	0.300883656274	1
ENST00000199389.11	4411	1893	0.9787	0.202483269608	0.99999997965956
ENST00000495565.5	629	426	1.0459	0.294651119544	0.908582706014433
ENST00000474029.5	609	108	1.0967	-0.0140095570372	0.0493551059706862
ENST00000437169.5	448	402	0.8391	0.116910106318	0.56129316613831
ENST00000424754.5	659	579	1.1826	0.272925426819	0.987206381770298
ENST00000392563.5	2851	531	1.1183	0.432219304895	0.988268925003302
ENST00000392564.5	3182	654	1.1121	0.400255086308	0.996227829989721
ENST00000578961.5	687	471	0.7792	0.215412174861	0.801630897166631
ENST00000415822.7	2234	1398	0.7882	0.00611270061304	0.999970870711498
ENST00000476860.1	460	315	0.7585	-0.0967700000704	0.0909493821394093
ENST00000216489.8	2597	1170	0.9326	0.247452597406	0.999946474560551
ENST00000557057.5	1750	369	1.0934	0.195283420223	0.760974542765203
ENST00000479715.5	660	420	1.0949	0.283222892053	0.911103704519549
ENST00000246015.8	2042	792	1.0174	0.281670541459	0.997842619960278
ENST00000620742.4	798	378	0.7259	-0.0282341467338	0.212105312579783
ENST00000619860.3	491	264	0.9248	-0.0180684126838	0.139010986434093
ENST00000253803.6	3942	534	0.6633	-0.0421833623036	0.490048223229769
ENST00000306627.7	1511	582	0.8813	0.14622174088	0.925894787083245
ENST00000346855.7	1398	531	0.7746	0.124468176853	0.811696649200641
ENST00000376959.6	5447	2187	1.2486	0.581000962445	0.999999999968163
ENST00000474951.1	3347	468	0.6907	0.0890289972807	0.536211906337629
ENST00000670667.1	3688	2307	1.2145	0.567374533106	0.999999999990775
ENST00000538780.1	3294	1359	1.1665	0.512070147856	0.99999939838346
ENST00000358906.3	2731	1395	1.1665	0.509775918535	0.999999604594775
ENST00000373580.8	6567	1959	1.2339	0.614929078211	0.999999999628468
ENST00000288815.5	5964	1317	1.2266	0.614476430496	0.999999513467516
ENST00000302277.7	4527	3630	0.975	0.0120834505633	1
ENST00000613975.1	3986	3225	0.998	-0.0243229367826	1
ENST00000345535.8	762	486	1.045	0.312268867643	0.955393108181248
ENST00000564268.1	1140	177	0.5055	-0.176720952373	0.00526916750046219
ENST00000254963.7	3133	2061	1.2288	0.599390900072	0.999999999890047
ENST00000399701.1	3009	1803	1.2082	0.619496339806	0.999999998139277
ENST00000366480.5	1154	1008	0.7674	0.0238592872865	0.997924958881168
ENST00000641852.1	1008	1008	0.7674	0.0238592872865	0.997941469973924
ENST00000557573.1	883	771	1.2226	0.352123719173	0.999175735822625
ENST00000472901.1	691	579	1.0477	0.273815973573	0.979857180516778
ENST00000472702.1	628	243	1.3346	0.647929173889	0.967331262519159
ENST00000553861.1	667	228	1.206	0.474980279087	0.848817841904845
ENST00000303434.8	2329	1131	1.2516	0.658422981132	0.999997755888735
ENST00000463233.1	2404	879	1.2336	0.651974521975	0.999958200184622
ENST00000474629.7	7694	5406	0.9709	0.154095753866	1
ENST00000494811.2	581	555	0.9941	0.233563346113	0.960571915569747
ENST00000369152.6	891	414	1.0113	0.400904461838	0.935434698361149
ENST00000476344.1	743	129	0.7166	0.078703491974	0.0299399745937635
ENST00000415901.6	1644	579	0.8997	0.108093459595	0.910232225722332
ENST00000416026.2	795	579	0.8964	0.110566457416	0.914249111580085
ENST00000266263.10	1133	501	1.2436	0.511563821356	0.993974397572781
ENST00000355143.8	891	408	0.8388	0.354374749446	0.849312036795412
ENST00000407550.3	912	432	1.2219	0.532540133925	0.987851646794953
ENST00000629597.2	482	225	1.0545	0.572099307182	0.854338041429974
ENST00000532219.5	8246	7854	1.1108	0.0929318783146	1
ENST00000474060.1	5446	1584	0.9387	-0.00855125488755	0.999997178860836
ENST00000292291.10	1969	1035	1.12	0.379530312985	0.999944930669828
ENST00000613336.4	1599	636	0.6387	0.00848910495576	0.810384214730931
ENST00000602775.5	1466	504	0.5519	-0.163555789939	0.204204442744926
ENST00000602875.5	769	336	1.0627	0.26072992959	0.756565424461958
ENST00000524970.5	581	495	0.9411	0.361847218945	0.957610625186391
ENST00000524659.1	570	456	1.203	0.465960549715	0.985463136459238
ENST00000367136.5	2164	1509	1.1815	0.312569351265	0.999999663564244
ENST00000461807.1	632	156	0.8767	-0.152037507268	0.0176655687255474
ENST00000377244.8	1908	1029	1.2471	0.533449260066	0.999985116437453
ENST00000526702.1	4713	450	1.0992	0.377478247052	0.953795843178388
ENST00000334681.9	830	348	1.0217	0.499066213011	0.928892899297059
ENST00000434608.1	747	348	1.0217	0.499066213011	0.92919291048963
ENST00000331113.9	5830	1893	0.9153	0.296114625244	0.999999984500834
ENST00000425288.1	530	441	0.6874	0.142570710782	0.577134359092602
ENST00000379031.10	1257	912	1.2486	0.485184176152	0.999929105295678
ENST00000493657.1	1783	816	0.5017	0.120822491349	0.975050468897081
ENST00000543975.1	416	120	0.5521	-0.0100271091903	0.00931818910768688
ENST00000229277.6	2294	1305	1.2629	0.529557677427	0.99999932783446
ENST00000262776.8	2202	1758	1.2478	0.518313382412	0.999999995252272
ENST00000586720.5	1736	1176	1.3138	0.502046852048	0.99999726300121
ENST00000306796.9	2068	1422	1.2568	0.537079659444	0.999999825046339
ENST00000577574.5	473	180	0.6368	-0.0219031345599	0.0223489538356603
ENST00000565769.5	2214	1836	1.3324	0.392389475886	0.999999996815851
ENST00000569071.1	1919	1560	1.1969	0.326183547933	0.999999836192161
ENST00000219204.8	1969	492	0.9125	0.312900691975	0.931646722270202
ENST00000565794.1	234	159	0.721	-0.114708919577	0.0137464593535189
ENST00000343242.9	3380	660	0.6255	0.0641297495098	0.871635990405009
ENST00000406174.2	632	468	1.2172	0.836013439182	0.99869703766649
ENST00000373298.7	1616	792	1.1496	0.235393920917	0.998229914308265
ENST00000469541.5	879	633	1.0357	0.174157379972	0.978798852007088
ENST00000389554.8	3806	2049	1.0481	0.450176325898	0.999999999398401
ENST00000411412.5	698	630	1.1635	0.525689066645	0.998311747086381
ENST00000381685.10	3498	2067	0.8315	0.154538433726	0.999999993863614
ENST00000538384.5	3418	1989	0.8391	0.160712383973	0.999999986280264
ENST00000533017.1	755	273	1.1939	-0.0758662200266	0.238592138747577
ENST00000529996.1	1366	672	1.248	0.540027353275	0.999249430042695
ENST00000652489.1	1261	1077	1.2426	0.562952698991	0.999992870426236
ENST00000584895.5	1440	687	0.594	0.071634899986	0.905586866854936
ENST00000577910.1	1012	555	0.9725	0.188343528541	0.943776417911757
ENST00000231524.14	3863	1725	1.063	0.0639942004043	0.999999775940927
ENST00000274327.11	1829	1641	1.063	0.0568709417991	0.999999464401401
ENST00000264025.8	5956	1554	1.2399	0.604315591786	0.999999965146114
ENST00000340882.2	1059	1059	1.2003	0.505400087999	0.999985851486178
ENST00000379341.9	956	816	0.9395	0.17168525	0.996044952427129
ENST00000439422.1	554	138	1.056	0.16837126814	0.160702309735542
ENST00000334351.8	2400	420	0.854	-0.0944000628046	0.291076067042147
ENST00000579103.1	171	171	0.6656	-0.10335221917	0.013960264358825
ENST00000368636.8	2861	780	0.5943	0.19995165994	0.982069347785179
ENST00000633835.1	1062	570	0.5796	0.206974562949	0.851231664448481
ENST00000325333.10	1156	519	1.1176	0.470271353671	0.99025198814567
ENST00000543039.2	1707	519	1.1176	0.470271353671	0.989955990075402
ENST00000474727.2	591	279	0.6284	-0.119080270725	0.0357119890331591
ENST00000474151.1	579	441	0.7601	0.0267586334489	0.464102732589894
ENST00000455036.8	9938	2616	0.906	0.183755160009	0.999999999987831
ENST00000426744.5	9878	2544	0.906	0.189541547663	0.999999999973794
ENST00000285199.12	4185	3372	0.9135	0.287134997253	1
ENST00000575346.1	711	579	0.8794	0.217641546018	0.950847302936245
ENST00000538724.5	973	615	0.6743	0.0619931225898	0.845441363670874
ENST00000540148.5	597	126	0.8259	-0.25985584367	0.0055886270259826
ENST00000536890.1	367	189	0.5306	-0.0346926334005	0.0160546717525014
ENST00000373874.6	3432	714	1.1586	0.376153399257	0.998069269673068
ENST00000558465.1	785	255	0.9523	-0.0693547748309	0.103701014976453
ENST00000611732.4	3344	714	1.1586	0.376153399257	0.998078545444339
ENST00000488492.5	909	291	0.8409	0.0984412891294	0.244792479969441
ENST00000399312.3	931	378	1.0033	0.194882673949	0.729207440475689
ENST00000569418.5	3513	2862	0.7577	0.0582861435692	0.999999999998052
ENST00000564326.5	3259	2862	0.7577	0.0582861435692	0.999999999998079
ENST00000567119.1	1374	744	0.6586	0.0799287812419	0.959891965858492
ENST00000565480.1	519	147	0.8107	0.010097733166	0.0336848918575971
ENST00000228827.8	1457	855	1.1461	0.303917067382	0.999420206433683
ENST00000547323.1	541	168	1.0353	0.408209383162	0.516839355045937
ENST00000382080.6	7345	939	0.8163	0.118306514926	0.996999513491822
ENST00000421524.6	867	798	0.734	0.0855444605574	0.983716407438935
ENST00000261023.8	7039	3147	0.9817	0.120531680996	1
ENST00000433736.6	3288	3009	1.0203	0.107449974124	0.999999999999888
ENST00000315711.12	2129	810	1.261	0.204364822015	0.998775416860207
ENST00000383681.7	1997	588	1.2034	0.192804305214	0.981270765565623
ENST00000539469.6	3041	2337	0.9874	0.358897040485	0.999999999950661
ENST00000548316.1	2971	1992	0.9638	0.368959978065	0.999999997619772
ENST00000416961.6	928	336	0.6924	0.00991486684267	0.157987455313748
ENST00000519551.1	534	201	1.1772	0.180418814945	0.387892892547576
ENST00000414892.5	695	222	0.5457	0.0118229698563	0.0313698557333231
ENST00000439556.2	1322	1119	0.9852	0.13568739372	0.999854869242465
ENST00000489418.6	1810	813	0.7171	0.230273472126	0.993550545536489
ENST00000480936.1	558	285	0.8042	0.1776670693	0.30571906673446
ENST00000215567.10	1139	927	1.3453	0.583989269783	0.999976569513521
ENST00000598333.5	822	330	1.3453	0.54838999428	0.977766671192042
ENST00000399292.7	850	177	0.9469	0.0221793737928	0.076129503485944
ENST00000489469.5	780	300	0.688	-0.207510307632	0.0322177645896604
ENST00000356654.8	4351	3573	1.0898	0.291823960683	1
ENST00000396684.3	4702	3573	1.0898	0.291823960683	1
ENST00000409304.5	2161	1194	1.2497	0.256875926406	0.999987351949569
ENST00000478966.1	680	438	1.2454	0.123181656774	0.888458869871734
ENST00000563100.5	723	429	0.9862	0.214241602634	0.83632265311368
ENST00000563504.5	617	396	0.9897	0.194811695421	0.761676087279356
ENST00000635099.1	711	588	0.9017	0.0684781851816	0.903333033242155
ENST00000635082.1	793	396	1.0225	0.0826092836291	0.642086644039942
ENST00000599156.5	633	384	1.2856	0.76178122291	0.995878075126076
ENST00000598277.5	771	165	1.0447	0.0793092568807	0.125401420424789
ENST00000421975.7	1680	1482	1.0473	0.10199346685	0.999997474029998
ENST00000314144.10	1847	1593	1.0421	0.104974051824	0.999999263779402
ENST00000532195.1	673	162	1.2677	0.0577899495911	0.208778954336398
ENST00000529040.1	549	303	0.8779	0.11627310874	0.323696624878331
ENST00000372626.7	721	480	1.0964	0.275584538516	0.950448883542954
ENST00000372624.3	1164	480	1.0964	0.275584538516	0.949292316686627
ENST00000330651.11	2418	1095	1.2882	0.690921727291	0.999997558596825
ENST00000395764.5	1512	1095	1.2882	0.690921727291	0.999997676915273
ENST00000281437.5	1813	840	1.1956	0.404700861676	0.999680086541432
ENST00000605151.1	2148	153	0.6719	-0.126833296571	0.00912078995558913
ENST00000428128.1	3479	3042	0.9992	0.0648183164026	0.999999999999892
ENST00000409776.6	6692	5247	1.0356	0.0348140065508	1
ENST00000564617.5	531	477	0.9921	0.359491134768	0.956077517596676
ENST00000564056.1	514	222	0.8668	0.276546499017	0.330304228901759
ENST00000506605.6	857	642	1.265	0.579883870737	0.999243962858845
ENST00000511847.2	840	642	1.265	0.579883870737	0.999244666724647
ENST00000457658.6	2417	225	0.5081	-0.0750235446869	0.0155577913452013
ENST00000440408.5	5284	159	0.4782	-0.177789990029	0.00311068670305951
ENST00000651177.1	9640	7668	1.0243	0.0232183765386	1
ENST00000417071.1	882	114	0.4974	-0.211002482097	0.00209263261564543
ENST00000493168.1	787	273	1.2331	0.213728115398	0.674870920498648
ENST00000323040.5	3052	1089	1.287	0.654021133924	0.999996604260696
ENST00000591614.1	562	105	0.6308	-0.352856949301	0.00129061946984542
ENST00000525807.5	1122	528	1.0951	0.414382710526	0.986701832714856
ENST00000615999.4	972	972	0.9321	0.330073516519	0.999727842198441
ENST00000355938.9	598	411	0.9982	0.196097312906	0.797032907166259
ENST00000514808.5	359	300	0.8925	0.136303630452	0.357070664961883
ENST00000416247.4	4887	597	0.7961	0.026678087604	0.815906929642233
ENST00000376935.4	1251	321	0.5722	0.0375340904537	0.108558005659133
ENST00000492002.1	654	180	0.6981	-0.048109504916	0.0232934568042035
ENST00000371698.3	1282	822	0.9367	0.375993554584	0.998896538054253
ENST00000302746.11	1507	1080	1.0369	0.167671497615	0.999843698709634
ENST00000485460.5	1397	1026	1.0369	0.175287842607	0.999728608375512
ENST00000466963.1	3130	246	0.5509	-0.668135119955	0.000608874063970423
ENST00000515509.1	363	144	0.8362	-0.11373853315	0.0172080503352886
ENST00000206423.7	12430	2853	1.0191	0.321235595547	0.999999999999711
ENST00000461431.1	781	681	1.2082	0.365020565758	0.99782273612799
ENST00000469554.1	626	63	1.0696	-0.371015819488	0.00326145853214446
ENST00000343818.11	1680	963	1.2643	0.489581430297	0.999962172379431
ENST00000612651.4	1538	960	1.2285	0.428692611628	0.999936458702349
ENST00000381774.9	6143	945	1.2357	0.51122297031	0.999942810228674
ENST00000433677.6	1993	519	1.2848	0.394845576071	0.99092993710058
ENST00000466903.1	743	648	0.8159	-0.00406742912192	0.89737017950085
ENST00000465031.1	581	255	0.8042	-0.18160829149	0.0343139207375423
ENST00000264677.8	1678	1218	0.8423	-0.0246028710815	0.999788382392298
ENST00000261461.7	3245	1461	0.8943	0.140517012773	0.999995330633006
ENST00000537030.3	1719	1290	0.8918	0.0704602441555	0.99995511207058
ENST00000373713.6	725	402	1.2621	0.369654057508	0.961694246302627
ENST00000497275.5	535	297	1.2536	0.339371865668	0.863625228777548
ENST00000378673.2	2640	1365	0.7675	0.0664033296326	0.999967905110088
ENST00000464378.1	566	306	0.8791	0.143156716825	0.368902042398304
ENST00000472320.1	541	222	1.1226	0.23992153858	0.487813854657669
ENST00000624495.3	1799	1101	0.8041	0.106589958272	0.999594239419506
ENST00000296875.3	1796	1101	0.8041	0.106589958272	0.999594306132054
ENST00000378667.1	429	249	0.8912	0.336236516756	0.511560116723697
ENST00000496429.1	258	51	1.2129	0.186104206491	0.123288328189317
ENST00000324689.8	1905	633	1.0717	0.382649267578	0.994321075732363
ENST00000328381.10	2054	1299	0.8558	0.269108953677	0.999985979495618
ENST00000535306.6	2098	861	1.0726	0.327336898494	0.999372406155215
ENST00000434242.2	257	234	0.9862	0.0933039112658	0.221173900187851
ENST00000372267.6	472	264	0.6428	0.206736685616	0.193034897947911
ENST00000372263.3	785	294	0.9922	0.424457753031	0.804348150560387
ENST00000377601.2	3511	2472	0.9704	0.139824625462	0.999999999955204
ENST00000477139.2	747	210	1.1898	0.0172799017976	0.21186763186144
ENST00000621218.5	3011	834	0.887	0.202437752725	0.996399732730261
ENST00000619236.1	2896	729	1.0774	0.252940926652	0.995581530674372
ENST00000397640.6	974	372	1.2916	0.353817761805	0.946818735213133
ENST00000588202.5	862	222	0.9643	0.127772382876	0.215414066270417
ENST00000590676.1	555	165	0.844	0.156848226816	0.104170551716104
ENST00000586891.1	563	303	1.0917	0.1406828431	0.536815052459614
ENST00000495332.1	604	276	0.941	0.0541499954057	0.231228826450018
ENST00000620340.4	8169	2238	0.9941	0.0366956495545	0.999999998634079
ENST00000571494.1	2168	801	1.09	0.452223121886	0.999455831474613
ENST00000317744.9	5819	1728	1.1025	0.462074565395	0.9999999812016
ENST00000258884.5	2361	990	1.2316	0.444548939327	0.99995729586424
ENST00000559506.5	2435	285	0.9192	0.131027992562	0.307949594250803
ENST00000416293.7	1572	1413	1.2094	0.478796513417	0.999999684206323
ENST00000548536.1	1760	1269	1.2718	0.521671949036	0.999999006574823
ENST00000407471.7	3482	723	1.1748	0.550226041066	0.999423545823289
ENST00000435822.5	3613	720	1.1748	0.559653477748	0.99943295236093
ENST00000374059.7	3278	1671	1.2284	0.41365295233	0.999999973103719
ENST00000480518.1	305	33	0.6941	-0.249840277695	0.00135928918115326
ENST00000337554.8	836	510	1.2032	0.420290610346	0.9893293735263
ENST00000583777.5	636	309	0.846	0.075524758477	0.262751674898165
ENST00000428336.5	672	321	1.1183	0.417594745037	0.892352938951345
ENST00000556314.2	673	531	1.1076	0.138505643202	0.938998522214029
ENST00000555273.1	729	666	1.0426	0.149355931674	0.983422245449524
ENST00000395097.7	5604	1881	1.0326	0.310077503413	0.999999989264408
ENST00000330847.1	4982	1914	0.9769	0.306485932698	0.999999991117673
ENST00000336854.8	1439	657	1.2916	0.663313545298	0.999636925058837
ENST00000553049.5	846	570	1.2886	0.686396692854	0.999183320292951
ENST00000423632.3	469	213	0.8606	0.106799782994	0.135114484561633
ENST00000415101.1	404	123	0.9026	0.149321121438	0.0789280330034883
ENST00000569466.1	1417	1026	0.9867	0.464372699954	0.999944093745289
ENST00000564525.1	541	435	0.6987	0.144917813093	0.573583375666879
ENST00000524717.6	7121	3471	0.9537	0.15702338839	1
ENST00000618849.1	3154	2787	1.07	0.146386017913	0.999999999999117
ENST00000492491.6	686	561	1.3094	0.463550055242	0.996785729705639
ENST00000383759.6	2787	2571	1.266	0.484662588285	0.999999999999367
ENST00000334047.12	2298	888	0.9882	0.19226653468	0.998576921872291
ENST00000370207.4	1879	717	0.7241	0.121435048509	0.965214319700768
ENST00000553612.6	6343	1131	1.1653	0.178105957037	0.999930555902017
ENST00000434192.2	1199	1014	1.2329	0.157548611037	0.999825999389409
ENST00000546300.5	7388	1248	1.1545	0.359358924707	0.999993136308885
ENST00000271357.9	7806	1641	1.18	0.39486261841	0.999999936135323
ENST00000528032.5	555	441	0.9752	0.281535043648	0.895202415911772
ENST00000320159.2	3234	1857	0.8551	0.32754029556	0.999999979549127
ENST00000650688.1	3134	378	1.1836	0.395025968413	0.937371620247533
ENST00000268607.9	2688	378	1.1836	0.395025968413	0.938791999509098
ENST00000373740.7	1922	855	0.6783	0.125695228221	0.991273937758313
ENST00000480153.5	2447	1023	0.8168	0.103885470337	0.99902151744434
ENST00000292616.10	2160	1944	1.3152	0.537319088285	0.999999999582404
ENST00000468175.1	847	240	1.1738	-0.211370151902	0.081195066786662
ENST00000254942.8	2996	1629	1.0589	0.31199676423	0.99999985916531
ENST00000566051.1	791	216	0.7324	0.0658828196777	0.0737277133362312
ENST00000223357.8	4097	3477	1.1827	0.590448417202	1
ENST00000455443.5	751	135	0.9079	0.723713994027	0.761708651885414
ENST00000368194.7	6889	4689	1.135	0.398405567862	1
ENST00000486670.1	859	483	1.2476	0.553547994991	0.994447269622637
ENST00000445877.5	1553	1245	0.9962	-0.0258863623911	0.999907865942035
ENST00000325875.7	3420	1878	0.994	-0.0507573749359	0.999999899507533
ENST00000242576.6	2071	942	0.9979	0.237506642146	0.999434968959065
ENST00000336865.6	2130	915	1.0048	0.213799149671	0.999135660748248
ENST00000254079.9	1815	615	1.053	0.487647079137	0.996094849271492
ENST00000582680.5	875	432	1.0479	0.596560802483	0.985065810122333
ENST00000429236.5	2212	2085	0.8806	0.0555643350861	0.999999992802826
ENST00000357345.7	7059	3888	0.9991	0.0404293947452	1
ENST00000370401.6	4854	2325	0.8804	0.228267218584	0.999999999800879
ENST00000262858.7	4607	2325	0.8804	0.228267218584	0.999999999803558
ENST00000649249.1	684	381	1.2706	0.755141444707	0.995316174166168
ENST00000648859.1	550	228	0.7762	0.408688311821	0.462048879761797
ENST00000313511.8	2011	1368	1.2904	0.526047354947	0.99999969611181
ENST00000561644.1	294	276	1.0654	0.390377990961	0.783259672547332
ENST00000257787.6	1898	612	0.8982	0.153989707272	0.95003066826154
ENST00000420494.2	413	171	0.622	-0.087891663708	0.0130320164734857
ENST00000318887.8	2414	990	1.025	0.105223073798	0.999316061108434
ENST00000486971.1	1259	423	1.1865	0.243823620618	0.917175949761879
ENST00000307767.13	1876	618	0.7137	0.0262224231537	0.832310020304246
ENST00000582288.1	336	99	1.1955	0.206079532209	0.202995083086894
ENST00000641124.1	4224	1050	1.1483	0.172474279949	0.999832123991406
ENST00000641169.1	4221	1050	1.1483	0.172474279949	0.999832151599069
ENST00000553891.5	3244	2370	0.8447	0.30943406869	0.99999999992385
ENST00000556143.6	4380	2334	0.9893	0.314292396538	0.999999999928492
ENST00000367510.8	3407	1011	0.8139	0.126670827978	0.998962504771554
ENST00000453650.2	939	735	0.8191	0.133719154001	0.981622701273642
ENST00000359579.5	1619	951	1.2158	0.39396826718	0.999908960800254
ENST00000475559.1	869	576	1.295	0.41951467341	0.996233593834967
ENST00000373656.4	4455	1326	0.8444	0.0481356399867	0.999952993235156
ENST00000373654.1	2047	1326	0.8444	0.0481356399867	0.999958807194338
ENST00000646044.1	3290	195	0.6697	-0.173005105579	0.0102666748082776
ENST00000465726.1	435	126	0.9636	-0.142823111656	0.018205245595934
ENST00000268668.11	675	519	1.2922	0.564974825136	0.997052460224815
ENST00000570172.1	495	426	1.2862	0.535796122277	0.990003643023108
ENST00000358607.10	839	606	1.167	0.567620685442	0.998295283574686
ENST00000450195.6	702	540	1.167	0.638895192953	0.997703980794449
ENST00000601736.1	491	201	1.0341	0.485237696717	0.711486555229678
ENST00000395860.7	1772	690	1.0205	0.238974130249	0.991523465559983
ENST00000395859.2	795	585	0.9758	0.247908631787	0.971829882129878
ENST00000461003.5	4857	2325	1.1466	0.288335136049	0.999999999944746
ENST00000368013.8	4342	3306	1.0426	0.321794193619	1
ENST00000528056.5	7218	834	1.2849	0.460594232323	0.999759044851677
ENST00000495163.1	480	66	0.6085	-0.654696137474	0.000124424687853484
ENST00000317216.3	4514	1164	1.2729	0.556039717415	0.99999697538925
ENST00000524088.1	1230	1002	1.2262	0.569498771568	0.999983249327231
ENST00000381669.8	2149	1590	1.2515	0.569160655717	0.999999977511517
ENST00000428572.1	751	342	0.9433	0.291125712981	0.726097599464566
ENST00000332536.9	2065	1548	1.2515	0.571273568594	0.999999964644146
ENST00000381192.10	1129	558	1.1541	0.36886021411	0.989739419209455
ENST00000647297.1	583	246	1.0303	0.290079903997	0.550737631257117
ENST00000527249.5	889	498	1.1013	0.404136258748	0.980980299220337
ENST00000529973.1	530	195	1.2195	0.232901894895	0.485307103351943
ENST00000376350.8	3923	3348	0.9777	0.348971767814	1
ENST00000263434.5	3343	2814	1.0446	0.351576187204	0.999999999999793
ENST00000619929.5	6132	2370	1.2918	0.613167455923	0.999999999996976
ENST00000542173.1	347	204	1.1493	0.299282618397	0.552990553866349
ENST00000260386.7	1825	1386	1.1686	0.595407109191	0.999999754314632
ENST00000491007.1	507	360	1.1307	0.592927134523	0.975085762110902
ENST00000342628.6	3475	2406	0.883	0.25129408019	0.999999999935711
ENST00000366362.3	775	246	1.044	0.219272367462	0.452808488206694
ENST00000370836.6	4441	1818	1.0866	0.383796481329	0.999999989182838
ENST00000370833.6	1938	1938	1.0899	0.367274541911	0.999999997308126
ENST00000367225.6	7773	633	0.5373	-0.00475680910606	0.657121780604254
ENST00000206262.2	7932	633	0.5373	-0.00475680910606	0.655154783099724
ENST00000221480.6	1078	726	1.2028	0.442995527881	0.999149837334126
ENST00000593942.5	1345	516	1.2888	0.442596930823	0.993301754879404
ENST00000599519.1	836	516	1.2244	0.430529692791	0.99126698295665
ENST00000531551.5	1855	648	0.8985	0.323850686094	0.987654012718855
ENST00000533455.5	2009	1020	0.9395	0.372185149556	0.999872856302148
ENST00000579004.1	341	258	1.1993	0.453510352156	0.872749071989953
ENST00000577286.5	553	264	1.2737	0.488413178994	0.920507260322572
ENST00000333703.8	4710	3114	1.0233	0.186595378071	1
ENST00000622698.4	4824	3114	1.0233	0.186595378071	1
ENST00000620615.4	329	30	0.9196	-0.110658369271	0.00661103810381194
ENST00000608083.5	1403	1017	1.282	0.672443432878	0.999993684109456
ENST00000473466.2	868	837	1.3051	0.671799310958	0.999957403009034
ENST00000241051.8	1741	1536	0.9272	0.0728057995049	0.999997498346953
ENST00000427755.2	1212	573	0.6342	-0.00782532040828	0.657997541347951
ENST00000358460.8	1179	459	0.8167	0.0366898343985	0.569551233172947
ENST00000425133.2	1229	351	0.8536	0.0851678049386	0.375280984270615
ENST00000332132.8	1067	351	0.7499	-0.00742257591419	0.194649084315594
ENST00000578912.1	524	207	0.9817	0.172181226235	0.247421409936066
ENST00000583123.1	658	204	0.9581	0.0363427697518	0.113147970851236
ENST00000416614.7	3556	2574	1.1603	0.364603833316	0.999999999998094
ENST00000314262.10	2889	2574	1.1603	0.364603833316	0.999999999998163
ENST00000334274.9	2649	1530	1.1811	0.29353731876	0.999999692975735
ENST00000530171.5	571	213	0.7028	0.249028916509	0.176107535115515
ENST00000396063.5	970	330	0.9965	0.0283371665086	0.358326914241495
ENST00000559141.1	293	54	0.7646	-0.338802086899	0.0012786762584924
ENST00000292147.7	920	765	1.1745	0.427370175152	0.999339495978498
ENST00000594342.5	702	396	1.049	0.370294596355	0.918827793509122
ENST00000592588.6	510	438	1.2706	0.81881714734	0.998328887241784
ENST00000585665.2	467	339	1.2904	0.746689166569	0.99273877149636
ENST00000409150.8	6172	1254	0.7323	0.0526292288059	0.999834495166775
ENST00000421038.1	432	84	0.8744	-0.185815810212	0.00652365569807103
ENST00000562637.1	532	87	1.0566	0.428122142384	0.34432577384667
ENST00000360639.6	4517	3144	0.8577	0.306511550384	1
ENST00000394987.5	4425	3144	0.8577	0.306511550384	1
ENST00000433805.6	1410	648	1.0003	0.298078244693	0.990057345685608
ENST00000551814.1	410	123	1.18	0.257490017116	0.30054853406099
ENST00000353999.6	2503	687	0.9261	0.262796676482	0.989093660343756
ENST00000495187.1	575	540	0.9289	0.175208260944	0.920319208572489
ENST00000430350.2	2539	762	0.9135	0.325378317885	0.996601054643756
ENST00000424424.1	806	747	0.9135	0.345311250296	0.996760363519125
ENST00000424458.5	1068	873	1.1761	0.0732939584257	0.998305884494566
ENST00000435161.1	565	402	1.0238	0.101927581392	0.686922524111138
ENST00000300527.8	3461	3060	1.137	0.632835107365	1
ENST00000460886.1	306	138	1.1672	0.629918274497	0.824147824959435
ENST00000249330.3	2551	1848	1.1988	0.530658784634	0.999999998057657
ENST00000445482.2	2477	1848	1.1988	0.530658784634	0.999999998065522
ENST00000611537.1	1622	1134	1.2164	0.382169843042	0.999987400077167
ENST00000478587.1	481	279	0.6067	0.268996405361	0.267034778859701
ENST00000361216.7	5421	3063	1.3126	0.556669235625	1
ENST00000522934.5	562	228	1.0885	0.213477389761	0.435167632249197
ENST00000517682.6	429	228	1.0885	0.213477389761	0.436960959815843
ENST00000612549.5	2835	1308	0.9097	0.152383432954	0.999977687084499
ENST00000481218.1	1596	600	0.7926	0.143810876352	0.916949307451905
ENST00000402357.5	1508	399	1.0929	0.368241768545	0.927893239076627
ENST00000358295.9	2638	378	1.0581	0.330250832225	0.870722764309742
ENST00000361373.8	5297	2184	0.9602	0.362982216764	0.99999999966867
ENST00000429277.6	5436	2199	0.9402	0.399827893471	0.999999999758161
ENST00000272519.10	2247	621	1.2662	0.367815594096	0.996289058872821
ENST00000420510.5	1252	621	1.2662	0.367815594096	0.996485400951554
ENST00000588873.1	389	234	0.931	0.168626934339	0.269083179333519
ENST00000590245.5	575	198	0.9339	0.147610306054	0.178026316249701
ENST00000262879.11	8633	4485	0.8959	0.0672958172903	1
ENST00000397040.5	8435	4485	0.8959	0.0672958172903	1
ENST00000302418.5	5866	2892	1.0794	0.206078666756	0.999999999999787
ENST00000493889.1	494	408	1.1701	0.291471655111	0.924931412080617
ENST00000345728.9	2481	1992	1.3134	0.636225459255	0.999999999862845
ENST00000541326.5	890	498	1.2226	0.474251807276	0.991728589204388
ENST00000540957.1	588	111	1.0173	0.258685702263	0.176201222146501
ENST00000528846.5	823	318	1.0357	0.17403565205	0.576992863502221
ENST00000398035.6	1414	465	1.1997	0.197160877307	0.932661518543203
ENST00000526216.1	1332	465	1.1997	0.197160877307	0.932943347002504
ENST00000438329.5	945	642	1.1728	0.545157233378	0.998711875098729
ENST00000468597.5	632	483	1.1733	0.625336922574	0.995412647584641
ENST00000611699.1	903	642	1.1728	0.545157233378	0.998714834318086
ENST00000230085.13	1535	489	0.9656	0.220382378364	0.902394289316469
ENST00000426155.6	1072	393	1.0614	0.248724211577	0.84259934312405
ENST00000576892.8	1253	747	1.2766	0.44553904009	0.999481689085032
ENST00000614850.1	509	426	0.8985	0.219288227601	0.792094225036608
ENST00000438704.6	1032	630	1.1457	0.437576822725	0.996883765231653
ENST00000446922.6	1175	630	1.1457	0.437576822725	0.99685931222982
ENST00000381431.9	4431	957	1.0614	0.13780493391	0.999200207322878
ENST00000506357.5	663	384	0.9239	0.0967761877725	0.550671541696771
ENST00000514985.6	2056	303	1.1219	0.15532742518	0.564300957217264
ENST00000507920.5	786	303	1.1219	0.15532742518	0.581338797456578
ENST00000531262.5	857	132	0.9692	-0.115429956972	0.022795093545258
ENST00000529583.5	848	348	1.069	0.148514110042	0.646713380032629
ENST00000536670.5	449	423	0.7215	0.136256067264	0.548177749101274
ENST00000543044.2	883	465	0.7848	0.192839830572	0.768697996017913
ENST00000262848.5	6031	1077	1.2673	0.465557157747	0.99998464154175
ENST00000496648.1	463	99	1.0391	-0.118396705763	0.0201777369510143
ENST00000368024.5	457	291	0.8927	0.263963567931	0.52028891310399
ENST00000423014.3	567	414	1.0296	0.307346457616	0.89902582339478
ENST00000586895.5	432	222	1.3018	0.437086773988	0.854632708309664
ENST00000593087.1	320	111	0.826	0.0118194014363	0.0244803097526648
ENST00000567514.1	798	210	0.934	0.19641760205	0.247641699944403
ENST00000447550.1	631	123	0.6105	-0.173371476031	0.00434422436434532
ENST00000238831.9	11955	735	0.8404	-0.0540130265595	0.909560760598997
ENST00000437765.1	728	225	1.0104	-0.268946121627	0.0293075069165405
ENST00000544927.5	787	708	1.127	0.199759674137	0.994213876657021
ENST00000536117.5	773	579	1.0862	0.202179936753	0.972829356509846
ENST00000544029.1	751	543	1.051	0.162824896329	0.943553453215142
ENST00000429644.7	2941	2109	0.8633	0.117456349921	0.999999995824596
ENST00000489715.1	2513	1986	0.8283	0.0694408999004	0.999999975617479
ENST00000456150.5	2089	1206	0.9861	0.406914805338	0.999989004350626
ENST00000264723.9	2154	1620	1.0591	0.417420767339	0.999999921611449
ENST00000426666.5	461	216	1.3108	0.517747981815	0.902312755421117
ENST00000441594.5	1865	1515	1.2226	0.392446780286	0.999999834579785
ENST00000344838.8	2389	2112	0.9326	0.109332921782	0.999999996759307
ENST00000498089.1	2387	1899	0.9947	0.0213811025857	0.999999951656645
ENST00000440022.1	782	435	0.9883	0.0558212198862	0.677194751201306
ENST00000247970.8	997	492	1.1236	0.612097831175	0.994561877621117
ENST00000588695.5	648	492	1.1236	0.612097831175	0.994664402819545
ENST00000589058.5	536	138	0.7104	0.0188759015185	0.0229651205276215
ENST00000236671.7	2055	1239	1.3029	0.627806050002	0.999999333719482
ENST00000637915.1	1982	1230	1.3029	0.627247409733	0.999999263589028
ENST00000429746.1	690	339	1.2978	0.680791798561	0.989348193119544
ENST00000587834.6	791	579	1.0513	0.210145570103	0.970832986654932
ENST00000588875.2	718	486	1.1396	0.259594749034	0.955769756502016
ENST00000381477.7	2415	357	0.8192	0.161355709326	0.459145449267076
ENST00000490518.1	501	114	0.9188	-0.076397204863	0.0202947879324899
ENST00000396267.1	2562	1233	0.9207	0.143448062188	0.99994829487353
ENST00000331336.2	1964	1479	0.8256	0.143277870831	0.999995565250614
ENST00000381461.6	6884	6222	1.0131	0.00395692543216	1
ENST00000513355.2	1967	1851	0.9616	0.162607779622	0.999999961547886
ENST00000593264.5	409	219	0.858	0.0250514992289	0.0918634341673203
ENST00000589880.1	504	171	1.2386	0.520664214078	0.81550596786332
ENST00000465121.5	1600	942	1.1601	0.449043993214	0.999912753699395
ENST00000637102.1	1488	264	0.8406	-0.104861834297	0.0632611186417445
ENST00000505059.7	609	312	1.0267	0.171864546142	0.552517692118809
ENST00000505818.1	595	357	1.1075	0.199398517529	0.761456764823687
ENST00000382647.7	587	312	1.0267	0.171864546142	0.552815918145095
ENST00000258098.6	4342	1962	1.15	0.537791370345	0.999999999321841
ENST00000475951.1	458	276	1.2755	0.62178188488	0.967836937825222
ENST00000648836.1	3317	1704	0.9112	0.162211130085	0.999999744252952
ENST00000543979.1	864	309	0.7107	0.0854812361491	0.189970739827975
ENST00000544741.2	770	522	1.2243	0.324365957833	0.984602656996742
ENST00000553300.5	1375	882	1.153	0.397148366161	0.999763272561734
ENST00000554383.5	1039	786	1.1525	0.359752459685	0.999145470928051
ENST00000558794.1	844	405	0.5628	0.119408553073	0.336477950389914
ENST00000618099.4	4345	2385	1.0796	0.510099383555	0.999999999990995
ENST00000610579.4	4191	2385	1.0796	0.510099383555	0.99999999999107
ENST00000234310.8	3024	513	1.0123	0.194070060203	0.917759821992955
ENST00000409377.1	684	483	1.0447	0.200734521582	0.913496334218075
ENST00000642017.1	3465	786	0.7739	0.384081277594	0.996901148454053
ENST00000584061.6	723	654	0.949	0.410933631467	0.994588068818288
ENST00000344843.12	700	450	1.0541	0.332018997432	0.943539192576339
ENST00000493287.5	504	78	1.1969	-0.112221993823	0.028235036881144
ENST00000534624.6	2264	1941	1.2619	0.356482311033	0.999999998436189
ENST00000526686.1	740	450	1.1744	0.454298725044	0.981487435607454
ENST00000588708.5	2290	609	1.2497	0.43704407222	0.99703928564338
ENST00000426920.6	2650	1455	1.0144	0.393975819206	0.999999313763705
ENST00000527570.1	501	159	0.8956	-0.0177327974762	0.0432138669904947
ENST00000357260.6	5951	894	0.8582	0.283446364219	0.998536572542433
ENST00000367536.5	2203	1581	1.2394	0.384105602735	0.999999920055683
ENST00000367535.7	2226	1581	1.2394	0.384105602735	0.9999999199548
ENST00000420553.5	376	168	1.3095	0.596942297312	0.897240013478037
ENST00000560726.5	942	222	1.0762	-0.0254153673314	0.136953419008576
ENST00000560816.5	412	105	1.1804	0.175276041024	0.175998667999687
ENST00000225698.8	1169	849	1.1387	0.359937646072	0.999554274867355
ENST00000574444.5	901	537	1.1364	0.362196002106	0.985870141755641
ENST00000247470.10	757	588	1.2096	0.652788742391	0.998930440761991
ENST00000565022.1	650	117	1.2901	-0.215742885493	0.0317638238004101
ENST00000350605.4	696	531	1.2492	0.695585988499	0.998643230597282
ENST00000361255.7	8271	6054	0.8889	0.167851775432	1
ENST00000449912.6	8244	6054	0.8889	0.167435054504	1
ENST00000263277.8	3506	1632	1.2882	0.782522222124	0.999999996344353
ENST00000602215.1	234	84	0.7998	-0.106315488509	0.00824681086827591
ENST00000540884.1	1215	681	1.2538	0.739409097176	0.999803134659009
ENST00000314606.9	1811	1527	1.2978	0.587745555187	0.999999965980957
ENST00000593021.1	1135	1056	1.2895	0.571835856703	0.999992781053411
ENST00000544104.1	563	201	0.6639	0.271424651168	0.15776509848566
ENST00000414501.2	562	210	1.1911	0.397212424386	0.732326036193489
ENST00000292432.10	3082	2772	1.2446	0.463716863176	1
ENST00000514666.1	415	378	1.3134	0.580575254125	0.988206631105338
ENST00000514058.1	395	249	0.9109	0.502029230155	0.754377693134685
ENST00000481983.5	1316	441	1.2409	0.322943142214	0.963402143817854
ENST00000486481.1	440	105	0.9691	-0.157242805421	0.013500527466934
ENST00000353231.9	2446	606	0.4253	-0.101505890898	0.41759016656992
ENST00000534609.5	3725	420	0.3832	-0.131653791098	0.0566893989644262
ENST00000530348.5	527	174	1.1737	0.482247402823	0.743005513619902
ENST00000532942.5	1191	843	1.1642	0.33549193935	0.999493048741231
ENST00000534030.1	585	267	1.2345	-0.165458880354	0.164937896208582
ENST00000322028.5	876	285	0.6814	-0.0541184262728	0.0649187342679696
ENST00000588161.5	1609	1353	1.031	0.456336386668	0.999998687544536
ENST00000262633.9	1692	1443	1.0582	0.44443479024	0.999999528573751
ENST00000592202.5	1469	1281	1.0372	0.450840073827	0.999997050235999
ENST00000395468.9	6466	738	1.2995	-0.0589044987301	0.985163666380231
ENST00000622254.1	2836	738	1.2995	-0.0589044987301	0.987808696452129
ENST00000292401.9	1181	897	1.1262	0.404763766099	0.999792598597185
ENST00000495765.1	540	345	1.3009	0.342405875848	0.928504151009866
ENST00000462372.5	979	210	0.8886	0.258595701553	0.288980257215702
ENST00000393950.7	1154	708	1.1672	0.344740057129	0.997859822273464
ENST00000497456.1	571	114	1.2193	-0.113791698132	0.044286789154374
ENST00000361866.7	4238	3087	1.171	0.603242806806	1
ENST00000612273.1	3251	3081	1.1732	0.606310213746	1
ENST00000356736.5	3152	1383	0.8804	0.0638911451367	0.999981431576563
ENST00000512657.5	558	111	1.0078	-0.22039744991	0.0111996315449487
ENST00000467833.1	438	105	0.7227	-0.0809728477363	0.0092130387226362
ENST00000458272.1	539	339	0.8368	0.150490045235	0.433504684035956
ENST00000252575.11	6402	3966	0.9785	0.358611477158	1
ENST00000588231.1	545	231	1.0978	0.199523459384	0.430718641116713
ENST00000497938.1	476	114	0.9291	0.125603757896	0.0682292522569055
ENST00000473292.1	662	438	1.1188	0.195993687359	0.889093385611626
ENST00000650114.1	6418	1290	0.7197	0.399782296357	0.999985750917168
ENST00000370251.3	6320	990	0.8179	0.344905085276	0.999595855806335
ENST00000589328.5	2900	939	0.9778	0.27038019698	0.9994631440857
ENST00000409746.5	3000	1005	0.9327	0.331299623098	0.999791708779051
ENST00000318950.11	4884	1758	1.1511	0.347048423915	0.999999978299224
ENST00000534562.1	977	837	1.1521	0.291083344197	0.999268733642271
ENST00000261497.9	5189	1578	1.1805	0.452204434657	0.999999921081492
ENST00000579645.5	1906	1263	1.1948	0.427698314154	0.999997529984928
ENST00000419593.5	1313	486	0.9122	0.337869708077	0.938865238848507
ENST00000475242.5	529	351	1.0031	0.345480261099	0.835312286800376
ENST00000458187.5	673	342	1.1114	0.354312965166	0.87458226599393
ENST00000546313.1	665	366	1.0046	0.292083110324	0.812335388243092
ENST00000541754.1	716	210	1.0668	0.357532244258	0.581452441078842
ENST00000357275.6	1036	486	0.9122	0.337869708077	0.93973121532384
ENST00000443296.1	1233	339	1.1988	0.300401251422	0.864356927821215
ENST00000577961.5	4554	1647	0.9517	0.0241928611032	0.999998959306688
ENST00000584307.5	4639	1632	0.9579	0.0275997719459	0.99999881431774
ENST00000314574.5	4605	1632	0.9579	0.0275997719459	0.999998816526103
ENST00000246151.9	1590	636	0.9861	0.342060460896	0.990758364923258
ENST00000374524.1	1292	297	0.91	0.108846395609	0.314510708123225
ENST00000526143.2	5514	4389	1.2031	0.408141900973	1
ENST00000530293.1	445	387	1.2381	0.431554955086	0.966545162824063
ENST00000317961.8	5472	4620	1.0248	0.29513245636	1
ENST00000485154.1	792	201	0.9592	0.186525530998	0.234199168389112
ENST00000478891.1	856	369	0.9221	0.493986990289	0.919024380945986
ENST00000447300.1	1336	1275	0.9345	0.23197282468	0.999983160677389
ENST00000274217.4	7040	1071	0.5852	0.0815742036968	0.998130006022694
ENST00000513825.1	383	177	0.7812	-0.0506471065348	0.0297808330665301
ENST00000534674.5	468	240	0.8116	0.133665347768	0.173613288069033
ENST00000531245.1	567	153	1.1153	0.0717000140782	0.133759626862577
ENST00000649639.1	1221	534	0.6423	0.189688479201	0.80908185164163
ENST00000510407.1	443	207	0.9605	0.0663932014663	0.139074044271574
ENST00000456349.6	1090	942	1.0226	0.0610180753166	0.998566236882816
ENST00000263080.3	5422	942	1.0226	0.0610180753166	0.998182526592388
ENST00000404898.5	9892	6567	1.2439	0.589679867946	1
ENST00000402142.3	10004	6672	1.2439	0.579639958272	1
ENST00000471970.1	168	138	0.9871	0.197438132907	0.155385502192211
ENST00000535750.5	823	246	1.192	0.454865406939	0.851683084046395
ENST00000539854.1	659	321	1.2402	0.363434825306	0.900900394662453
ENST00000402271.5	1018	807	1.3051	0.582194924816	0.999896525414989
ENST00000522202.5	1559	891	1.26	0.575019071139	0.999949180592396
ENST00000467482.6	1645	1215	1.0171	0.252287339517	0.999977715021556
ENST00000431126.1	587	513	1.2714	0.31726882401	0.98503084653606
ENST00000214869.7	1633	684	1.2672	0.622298363415	0.999621520283594
ENST00000588259.5	616	315	1.2706	-0.180779893915	0.258237189475689
ENST00000588289.1	541	306	1.2744	-0.175967741532	0.247977484969339
ENST00000490021.2	903	204	0.693	-0.212792832987	0.011007786172908
ENST00000309851.9	1161	657	1.3009	0.445837603187	0.99870524203402
ENST00000369819.2	790	450	1.3191	0.500770639168	0.991411348759805
ENST00000526072.5	1172	498	1.3306	0.664001876499	0.998157765398039
ENST00000468153.1	940	183	0.4704	0.0559028879748	0.0203946604099157
ENST00000262593.9	1963	921	0.764	0.209057134879	0.998111552402269
ENST00000395939.5	1453	597	0.8623	0.264668416827	0.966089869671297
ENST00000497273.1	2071	582	0.9055	0.404966538202	0.984451577717234
ENST00000497803.1	558	282	1.1438	0.559451812938	0.932996739380439
ENST00000466196.5	556	444	1.1069	0.235726141643	0.913294330019594
ENST00000590666.5	472	318	0.962	0.138601604134	0.465207979784129
ENST00000469230.5	1790	1011	1.1938	0.307524267373	0.999914389614056
ENST00000482636.1	708	597	0.9855	0.218510735753	0.971667004421505
ENST00000576090.5	3642	1326	0.8533	0.360158193514	0.999993435768896
ENST00000575891.1	556	546	0.6153	0.227280846736	0.85192999130262
ENST00000598188.6	1377	990	1.1353	0.491272573167	0.999957531078218
ENST00000601171.5	513	219	1.2772	0.597751537944	0.93236262948512
ENST00000423059.9	10655	4974	0.5675	0.137632556177	1
ENST00000617773.1	10583	4974	0.5675	0.137355467894	1
ENST00000406875.8	15329	3597	1.0652	0.379309557152	1
ENST00000342645.7	2937	2736	1.0558	0.33105783023	0.999999999999472
ENST00000615219.4	2051	1482	0.6602	0.10775425424	0.999990546340499
ENST00000615145.4	2656	1608	1.0602	0.322522272691	0.999999836708778
ENST00000650450.2	3755	1599	0.9579	0.200295468847	0.999999427028392
ENST00000648795.1	1960	1221	0.9127	0.18807272046	0.999955137971312
ENST00000296666.12	4699	1338	1.1713	0.0673867355074	0.999987989864974
ENST00000512871.1	703	222	0.6481	-0.241328935156	0.00981792032349647
ENST00000376918.7	2014	765	1.1948	0.566414921383	0.999718641817929
ENST00000598585.1	1610	1116	0.8552	0.380412921225	0.999945936944491
ENST00000477592.2	1697	351	1.2272	0.63871919587	0.983883710078737
ENST00000380283.4	2190	696	1.1945	0.428055766707	0.998576703611845
ENST00000369558.5	8157	3633	0.9812	0.138850654158	1
ENST00000369555.6	3966	3498	1.041	0.138599566457	1
ENST00000647068.1	5494	3501	0.9779	0.207495086829	1
ENST00000512566.1	2037	2037	0.964	0.126090996561	0.999999994036611
ENST00000375734.6	2777	735	0.8485	0.215802713504	0.988757673426693
ENST00000263895.8	2711	735	0.8485	0.215802713504	0.988797829423855
ENST00000450884.5	825	417	1.0896	0.198066183572	0.851896192043011
ENST00000271620.8	3025	1362	1.2544	0.2598923126	0.999998044141838
ENST00000368934.1	2214	657	1.1151	0.299298340862	0.993698673102935
ENST00000381808.7	1261	624	1.3156	0.537135009483	0.998971008038368
ENST00000339987.7	1404	879	1.2913	0.446893799877	0.999887430073909
ENST00000431388.3	565	225	1.0554	0.506433857567	0.797236929335204
ENST00000576002.1	365	81	0.9328	-0.0478662961898	0.0176843143703213
ENST00000652529.1	352	234	1.3059	0.635345099348	0.95800361928303
ENST00000370353.3	5977	696	1.2059	0.471187166914	0.99870343615948
ENST00000373257.7	4363	2556	1.0589	0.432711174598	0.999999999997714
ENST00000632009.1	4132	2559	1.0589	0.432378627947	0.999999999997813
ENST00000370978.9	4638	2214	0.7031	-0.0455995289909	0.999999993385635
ENST00000447817.1	1970	1830	0.7682	-0.0267313582314	0.99999970108276
ENST00000323817.7	6067	1329	0.958	0.146591692289	0.99998153111023
ENST00000413605.6	6007	1377	0.9849	0.205114811608	0.999993124729674
ENST00000431639.6	1818	1647	0.8049	0.331413270036	0.999999769702689
ENST00000316024.9	4011	1647	0.8049	0.331413270036	0.999999740276892
ENST00000498311.5	2657	864	0.8733	0.222061951944	0.997647787680511
ENST00000396463.6	1905	1647	0.8049	0.331413270036	0.999999768601472
ENST00000534050.5	1736	1548	0.868	0.342184589476	0.999999476996236
ENST00000588839.1	625	132	0.7254	-0.0589758550369	0.0141572352084734
ENST00000589537.1	977	429	1.2325	0.434952731786	0.978237499290994
ENST00000330459.8	1977	1590	0.9975	0.159288099882	0.999999356853499
ENST00000582898.1	394	204	0.9866	0.103557248614	0.176770037864152
ENST00000650427.1	2908	1149	0.8866	0.267489435124	0.999928541525738
ENST00000647564.1	2208	1149	0.8866	0.267489435124	0.99993123208409
ENST00000601423.5	802	567	1.2866	0.588428900512	0.998463799530759
ENST00000598418.5	996	567	1.2866	0.588428900512	0.998447396840615
ENST00000595669.5	733	441	1.2866	0.633321428957	0.995243354652423
ENST00000595718.1	338	162	0.9796	0.13032887438	0.133903587950014
ENST00000262545.7	4691	1917	1.1063	0.442485273973	0.999999997629268
ENST00000470007.1	586	303	1.2841	0.453663274884	0.937541174047104
ENST00000471487.5	2854	210	0.8445	-0.0402583179058	0.0488601347252156
ENST00000477771.5	1120	309	0.7209	-0.295399642565	0.0231946385831161
ENST00000381501.8	3661	1896	0.7859	0.090426116072	0.999999927576411
ENST00000505452.5	2446	1590	0.6951	0.0895008731383	0.999997141653997
ENST00000515146.1	681	369	0.5736	0.177811440218	0.335989276274648
ENST00000511150.1	436	114	0.8997	0.244503880235	0.120061469242218
ENST00000324453.13	5761	396	1.2094	0.506649776544	0.971515613259698
ENST00000324489.5	5605	297	1.1265	0.356103517608	0.77401709328102
ENST00000424443.7	1530	570	1.0116	0.226972491449	0.965415840711777
ENST00000561277.5	1592	288	1.1561	-0.105055401549	0.206538010233858
ENST00000580753.5	1339	1083	0.5702	0.0740177909547	0.998680567536881
ENST00000577273.1	895	606	0.6196	0.0740989915118	0.815743828784429
ENST00000657191.1	5388	648	1.2629	0.460232534725	0.998115175054475
ENST00000530277.5	3984	648	1.2629	0.460232534725	0.99825458648265
ENST00000397278.7	2918	1197	1.1474	0.261231563149	0.999982333748213
ENST00000319136.8	3000	1245	1.1358	0.25258949919	0.999988623235754
ENST00000652263.1	3348	2142	1.2856	0.68242211426	0.999999999977669
ENST00000389201.7	2958	2142	1.2856	0.68242211426	0.999999999978141
ENST00000382291.7	2088	615	0.984	0.413159958259	0.992129359526507
ENST00000621012.1	1852	615	0.984	0.413159958259	0.992229764633013
ENST00000537235.2	4861	3018	0.8421	0.257913381984	1
ENST00000613414.4	1566	603	1.0222	0.208746680717	0.973974997165625
ENST00000587560.5	551	411	1.1205	0.486950456618	0.972266668990837
ENST00000589599.5	576	411	1.1205	0.486950456618	0.972229683023372
ENST00000337938.7	2452	717	0.7256	0.264815334741	0.984737374585136
ENST00000311585.11	2655	660	0.7104	0.239120891592	0.964763949824176
ENST00000644821.1	2544	597	0.7517	0.291961161736	0.955811033223202
ENST00000395654.3	2318	675	0.665	0.254774950776	0.968768569473862
ENST00000005257.7	2787	621	1.0283	0.225729374346	0.979783707498061
ENST00000468201.1	705	108	0.7349	-0.0652511749969	0.0107557859610154
ENST00000595530.5	582	492	1.3094	0.516095200697	0.994981220567644
ENST00000596265.5	465	417	1.235	0.48049354729	0.981735383334121
ENST00000239367.6	3260	1503	0.9906	0.407977211089	0.999999586468967
ENST00000463728.1	364	189	1.2075	0.15992593281	0.354110889754839
ENST00000290536.9	2543	1593	0.9351	0.205466788574	0.999999398923633
ENST00000409585.5	2457	1581	0.9557	0.207857321419	0.999999371873138
ENST00000421985.1	544	426	0.7505	0.139179077007	0.58403766579592
ENST00000380668.9	2511	957	1.3009	0.433706022588	0.999947615138316
ENST00000398491.6	1348	966	1.3009	0.431866166992	0.999955059889206
ENST00000528641.6	815	696	1.2706	0.74157654195	0.999848323449005
ENST00000279146.8	1236	993	1.255	0.720415228032	0.999993284712781
ENST00000573283.7	1919	1128	1.3306	0.73171603833	0.999998892279347
ENST00000576209.5	1698	999	1.3306	0.766978495953	0.999996258711926
ENST00000561640.5	514	390	1.1155	0.159064864608	0.788706097509979
ENST00000200691.4	569	210	0.8809	0.0448115803547	0.0995974622423531
ENST00000267460.9	5871	1263	0.8512	0.285378250164	0.999976199803925
ENST00000561019.1	558	249	0.8537	-0.0943628783131	0.0627913078811349
ENST00000353703.9	3020	741	1.0443	0.308154950126	0.996877335275302
ENST00000479421.5	1097	450	0.8944	0.20691285267	0.815271134035004
ENST00000646441.1	4995	1002	0.8458	0.231103193146	0.999404691063268
ENST00000643990.1	3836	603	0.975	0.361165802689	0.986075400432006
ENST00000372565.8	1530	1098	1.0222	0.253577125312	0.999920072764977
ENST00000461083.1	417	153	0.8786	-0.239710594235	0.0102968816722638
ENST00000472226.2	4009	822	0.6256	0.40535772937	0.99687268830644
ENST00000375926.5	821	429	0.862	0.217782262388	0.771903572620575
ENST00000360629.3	361	204	1.0541	0.16470983641	0.282356643953025
ENST00000474714.5	531	147	0.7629	-0.0289464963613	0.0227805443642511
ENST00000360652.7	1979	1365	1.17	0.317157222462	0.999998312321025
ENST00000514354.5	472	405	1.2145	0.336553275701	0.948121699472373
ENST00000511078.1	475	396	1.2276	0.35943775689	0.952063508536229
ENST00000377873.8	2217	1998	1.1707	0.481828590053	0.999999999472397
ENST00000536626.7	2075	1581	1.1641	0.414055698432	0.999999914189758
ENST00000494572.1	505	207	0.9561	0.0339958086012	0.11525367231379
ENST00000452499.1	373	99	0.983	0.00539784377118	0.0348906260046452
ENST00000321143.8	2277	807	1.0742	0.142582376529	0.996471707754823
ENST00000380762.5	2312	807	1.0742	0.142582376529	0.996464954085636
ENST00000531914.5	640	183	0.4658	0.00983787891786	0.0155072414734966
ENST00000526677.1	2416	270	1.0897	0.112649018048	0.377473837537195
ENST00000221859.9	443	378	1.205	0.623796675247	0.98681529520064
ENST00000592962.5	493	267	1.2843	0.690118218487	0.976947402242273
ENST00000310325.10	2044	1455	1.2395	0.440513843422	0.999999769642769
ENST00000524994.5	846	753	1.1655	0.443790468129	0.99929757460913
ENST00000248553.7	777	618	1.2205	0.623676312727	0.999120158225832
ENST00000429938.1	527	114	1.035	0.527052175348	0.545906654284583
ENST00000508361.5	2481	1860	0.8347	0.17234867051	0.999999947791674
ENST00000627006.2	171	171	0.831	0.32452347753	0.251457878036754
ENST00000603986.6	3467	2091	0.8716	0.357544147331	0.99999999881006
ENST00000482476.1	646	345	0.871	0.0508649251741	0.333373645022005
ENST00000409409.5	974	318	1.0822	0.195853654496	0.644477728259057
ENST00000413447.1	498	303	1.0545	0.223071799305	0.62780587477782
ENST00000389048.8	6240	4863	0.9989	0.326005364168	1
ENST00000618119.4	4646	4167	0.9221	0.313904546636	1
ENST00000216027.8	1106	708	0.8241	0.1998521873	0.983461904817715
ENST00000495977.1	846	240	1.0576	0.243637821467	0.483602959238049
ENST00000637507.1	1482	1395	1.0859	0.435417368429	0.999999234525001
ENST00000565010.1	1952	447	0.6463	0.0671171850204	0.425710505343139
ENST00000566977.1	279	186	1.1547	0.462984941133	0.736356122876207
ENST00000321925.9	3917	1170	1.0817	0.143120569253	0.999935176668965
ENST00000619403.4	3823	909	0.7229	0.0611912186136	0.993273159352063
ENST00000595483.5	649	492	1.29	0.563674496425	0.995961006621268
ENST00000263368.8	873	621	1.236	0.576028310445	0.99891758517787
ENST00000601346.5	676	363	1.273	0.54251639453	0.979687733060111
ENST00000483226.1	243	57	1.0164	0.461037261745	0.288495501724911
ENST00000292176.2	2129	1620	1.0367	0.453866079263	0.99999993221347
ENST00000485476.2	238	168	1.1536	0.708792104927	0.910178456520775
ENST00000462394.1	369	201	0.9987	0.194438652044	0.273413071739192
ENST00000245787.9	3562	678	0.9089	-0.0682222823364	0.907264479744542
ENST00000479999.1	532	87	0.5814	-0.459662998896	0.000466635204371967
ENST00000436604.2	2027	1551	1.2946	0.559804495882	0.999999968473091
ENST00000648494.1	582	459	1.3113	0.452381406913	0.989441985912635
ENST00000512982.4	4829	2490	1.0192	0.15848804628	0.999999999970289
ENST00000515010.5	2578	2352	1.039	0.162635788994	0.999999999887989
ENST00000361560.6	1597	1068	0.7308	0.22081298736	0.999626298251383
ENST00000398754.1	1498	1056	0.749	0.234609935026	0.999632828931659
ENST00000399810.7	2028	444	0.9353	0.423030805934	0.9436891385816
ENST00000509627.1	1020	438	0.9353	0.420446102629	0.942207565267534
ENST00000219794.11	2036	1239	1.2608	0.529089380154	0.999998599150551
ENST00000567682.1	439	366	0.6166	0.186693127879	0.377684381918848
ENST00000264554.10	2494	1749	1.1992	0.515994164594	0.999999993602077
ENST00000590222.5	951	459	1.2813	0.614045216162	0.995493100311392
ENST00000485803.5	1468	519	0.8468	0.273372268076	0.922403270585917
ENST00000373016.4	1656	843	0.9695	0.328288817748	0.998937659231607
ENST00000477194.5	1091	843	0.9695	0.328288817748	0.998970032260921
ENST00000483132.1	607	360	0.9869	0.335227735931	0.832312915231543
ENST00000329214.13	2095	870	1.2327	0.459063804024	0.999853023585574
ENST00000572531.1	265	42	0.6276	-0.471363211943	0.00031267027509198
ENST00000296736.4	3493	1566	1.0912	0.182242805888	0.999999424229517
ENST00000515406.2	2429	1566	1.0912	0.182242805888	0.999999456859156
ENST00000532987.1	657	189	0.9818	0.0346430142056	0.103831340474378
ENST00000254816.6	2269	1917	1.1582	0.467540014351	0.999999998508995
ENST00000587339.2	1907	1203	1.1496	0.483305044507	0.999995969374685
ENST00000592942.1	793	504	1.0587	-0.116687773935	0.669984374106816
ENST00000261427.10	5153	603	1.0159	0.109711249069	0.942835385431285
ENST00000510934.5	589	369	0.9958	0.189829422453	0.701017717151656
ENST00000497081.6	1876	843	1.0687	0.48327035274	0.99970154255171
ENST00000299610.4	1873	768	1.1601	0.516293021457	0.999587608519236
ENST00000571210.1	926	555	1.0834	0.418340643681	0.990080125106649
ENST00000464116.2	359	228	0.8328	0.103505284876	0.142039940433496
ENST00000405878.5	2200	1830	1.1845	0.361119133435	0.99999999315076
ENST00000250092.11	1705	1065	0.8958	0.238467088136	0.999802209919445
ENST00000584502.1	582	540	1.0148	0.23413089251	0.956891873171475
ENST00000452278.5	1787	1194	1.2356	0.504478407954	0.999997104693854
ENST00000423776.1	536	195	1.0268	0.159770395178	0.237367046867979
ENST00000506074.6	3109	1164	1.245	0.526537871442	0.999996312513098
ENST00000589401.5	599	228	0.9435	0.219096425579	0.325509013713673
ENST00000590132.1	683	102	1.1473	0.177943965804	0.155771888168989
ENST00000258930.7	1598	564	1.2926	0.669038338397	0.999002778515272
ENST00000557917.5	535	285	1.3075	0.70663713274	0.984108437406279
ENST00000561190.5	390	378	1.323	0.561387466133	0.987212045973487
ENST00000597000.1	448	216	1.2882	0.657498228668	0.95230414808061
ENST00000598756.1	583	252	0.8746	0.159361904723	0.257466413313695
ENST00000380579.6	2842	423	0.9163	0.0626659575878	0.571272065095962
ENST00000359680.9	2716	423	0.9163	0.0626659575878	0.572963316467904
ENST00000252486.9	1166	954	1.2336	0.738387778045	0.999990010076104
ENST00000446996.5	737	648	1.2336	0.71866822965	0.999662737283218
ENST00000476882.1	312	219	0.9781	-0.0511103081601	0.088350892033426
ENST00000370759.4	3778	948	1.0199	0.236393219799	0.999458527022049
ENST00000639725.1	4782	876	1.0032	0.264759042285	0.998858951917894
ENST00000639877.1	2911	876	1.0032	0.264759042285	0.998970092337078
ENST00000605528.2	595	582	0.9325	0.241874915902	0.965525251240665
ENST00000466163.1	2478	276	0.7929	-0.0392331010656	0.0846067600516638
ENST00000478387.1	1046	501	0.8374	0.200320997014	0.860748018753887
ENST00000573004.5	962	492	1.1736	0.34267361525	0.97698231137644
ENST00000574606.2	534	231	0.8472	0.144387414809	0.185917603725534
ENST00000643776.1	1004	519	1.1943	0.379048467214	0.987132032351229
ENST00000645375.1	978	519	1.1943	0.379048467214	0.987150128466379
ENST00000578138.5	776	456	1.0326	0.0107329295812	0.701674456117808
ENST00000648616.1	2096	1062	0.9284	0.0248188867487	0.999317459210796
ENST00000582188.1	462	222	0.9369	0.0299685255071	0.123617039657997
ENST00000620105.5	5703	1602	0.8745	-0.0137416142557	0.999996987843248
ENST00000371356.6	2112	1212	0.9851	0.040362830359	0.999904480054838
ENST00000441357.5	991	813	1.0545	0.0616333028262	0.99463199315253
ENST00000420474.5	879	564	1.1637	0.094414170905	0.953364954394085
ENST00000294661.8	3391	303	0.8944	0.386687606358	0.691077720561203
ENST00000471115.6	3254	549	1.1095	0.363393717737	0.984707911765206
ENST00000561561.6	434	267	0.7571	0.260695076262	0.337754616171793
ENST00000569385.1	440	153	1.1393	-0.0730729077217	0.0655622786150355
ENST00000555166.5	1294	315	0.8807	0.0895408207903	0.310882372209285
ENST00000298406.6	3754	315	0.8807	0.0895408207903	0.282745747974687
ENST00000373610.8	4865	1641	1.2015	0.509005721317	0.999999974752133
ENST00000373609.1	5012	1641	1.2015	0.509005721317	0.999999974547808
ENST00000301935.9	1153	894	1.1392	0.408949044386	0.999800366862014
ENST00000533000.5	367	303	0.712	0.215650723508	0.332768419435619
ENST00000524762.5	763	564	1.1142	0.425761096147	0.992340165482606
ENST00000526919.5	759	546	1.1376	0.45001526809	0.992540348741799
ENST00000274496.10	3144	774	0.5866	-0.0187048018872	0.928713622021301
ENST00000448443.6	2255	774	0.5866	-0.0187048018872	0.931874094906067
ENST00000282286.5	4202	1980	0.8855	0.0985477365623	0.999999980316179
ENST00000391705.7	4313	1980	0.8855	0.0985477365623	0.999999980196013
ENST00000261667.8	4222	1566	0.9503	0.0811407216032	0.999998201152559
ENST00000436760.1	588	195	1.159	0.123195444828	0.281658144683002
ENST00000585423.5	494	138	1.1751	0.695470752208	0.876470284951861
ENST00000326631.6	1206	450	1.2864	0.664274570637	0.996335318868737
ENST00000497187.5	747	666	1.0699	0.318372640165	0.994523173952403
ENST00000533537.5	524	402	1.2021	0.318868591583	0.938144742626168
ENST00000377604.8	3397	2793	0.8142	0.554571394937	0.99999999999983
ENST00000628161.2	3105	2559	0.8142	0.536734555067	0.999999999997449
ENST00000329236.8	3201	2988	0.7987	0.539852781516	1
ENST00000573216.5	545	480	1.2978	0.562463251704	0.995497899881804
ENST00000353555.8	1616	810	1.2777	0.639261656092	0.999919622799575
ENST00000251170.12	6445	2091	1.2172	0.518751493677	0.999999999839971
ENST00000587469.1	576	507	1.3156	0.650255931695	0.998154541029368
ENST00000664954.1	4356	900	1.1355	0.269105348049	0.999473623432897
ENST00000472110.3	4852	900	1.1355	0.269105348049	0.999459119338585
ENST00000390654.8	2899	1623	0.9403	0.349789447803	0.999999820730029
ENST00000407622.2	2329	951	0.9556	0.327341376578	0.999652339097633
ENST00000505533.1	2448	600	0.9931	-0.0297025684658	0.880072279111533
ENST00000514868.1	194	192	0.9532	-0.0292477656734	0.0702597356057558
ENST00000502822.5	678	495	0.7929	-0.141671393457	0.388377959408614
ENST00000301998.5	2761	1194	1.0434	0.204048325796	0.999963324778478
ENST00000405767.1	2436	1194	1.0434	0.204048325796	0.999963972524828
ENST00000327783.8	3179	2850	1.11	0.212025124177	0.999999999999744
ENST00000399913.5	3234	2763	1.1292	0.23029621442	0.999999999999432
ENST00000361680.6	1835	1281	0.9023	0.271657921514	0.999985787354916
ENST00000355868.3	1718	1419	0.8638	0.246761826726	0.999995994770469
ENST00000540200.6	2670	1107	0.7758	0.285031407881	0.999851382692817
ENST00000618887.2	1524	1053	0.794	0.298824980121	0.999779440756328
ENST00000337714.8	3909	2712	1.0054	0.340538107356	0.999999999999181
ENST00000576295.5	614	294	1.1596	-0.0582163862889	0.28315359126853
ENST00000554729.5	1608	1089	1.0154	0.0980223268627	0.999766467699586
ENST00000557430.1	535	276	0.8522	-0.0491015871107	0.106189367886473
ENST00000241014.6	3050	2136	1.0496	0.505231215437	0.999999999844672
ENST00000497090.1	501	243	0.9777	0.462610694411	0.738893902156946
ENST00000406540.5	2869	1239	1.1524	0.303405579161	0.999991619303437
ENST00000464789.2	2664	1239	1.1524	0.303405579161	0.999991712977684
ENST00000259216.4	1046	672	1.0786	0.221012530051	0.990911833304141
ENST00000621673.4	1444	447	1.0116	0.173979831216	0.837017656052926
ENST00000615342.4	1554	576	0.8356	0.114164267209	0.891264299632517
ENST00000368097.8	1604	600	1.2756	0.529529593575	0.99835241025216
ENST00000320307.8	709	600	1.2756	0.529529593575	0.998431188427641
ENST00000377710.10	2231	1035	0.831	0.151446996722	0.999396518947979
ENST00000377704.4	1781	759	0.5474	0.00724684543923	0.923886647578029
ENST00000349048.9	2907	2343	1.2272	0.665324396547	0.999999999996879
ENST00000495274.1	951	570	1.1882	0.54247446227	0.997224745320657
ENST00000455127.6	1209	294	1.0951	0.655388553133	0.958771084360304
ENST00000538396.5	925	294	1.0951	0.655388553133	0.959382256087035
ENST00000507439.5	1374	459	1.075	0.294435568054	0.938416763456456
ENST00000281243.10	1507	735	1.2358	0.292741354431	0.998253464079188
ENST00000307650.9	931	483	1.179	0.401890365038	0.982487509810835
ENST00000619674.1	2306	300	0.7575	0.0236902697545	0.136626737558918
ENST00000319194.9	3763	2916	0.9882	0.201441865603	0.999999999999795
ENST00000319212.9	3780	3165	0.9881	0.220054781736	1
ENST00000372522.5	650	201	1.05	0.35830259632	0.544489389035313
ENST00000372521.9	807	201	1.05	0.35830259632	0.542353495422657
ENST00000530927.5	1440	1029	1.1797	0.321894529929	0.99993393382438
ENST00000531690.5	515	246	1.1847	0.233964711969	0.598471528564741
ENST00000409831.5	2371	1881	1.2322	0.642546315704	0.999999999399067
ENST00000410077.2	1835	1386	1.2219	0.543572724092	0.999999719825894
ENST00000381348.4	1510	324	0.6931	0.103157860808	0.21905059511415
ENST00000669957.1	325	324	0.6931	0.103157860808	0.23036833302482
ENST00000301727.9	2548	2355	1.242	0.596750736544	0.999999999996145
ENST00000565090.5	2028	1824	1.2492	0.622014752196	0.999999998808021
ENST00000638208.1	2191	1272	0.8007	-0.0099145353166	0.999874397428003
ENST00000465539.1	1970	1272	0.8007	-0.0099145353166	0.999875910071583
ENST00000463642.1	457	144	0.5793	-0.146411663407	0.00585829178550925
ENST00000636485.1	1587	240	0.7858	-0.0138577358541	0.0687701436802702
ENST00000475324.1	661	126	0.7345	-0.124505267454	0.00920598181979178
ENST00000451452.1	3844	1245	0.8356	0.0689306809228	0.999897783563323
ENST00000425090.1	461	78	0.8424	-0.543263276624	0.000627028322037816
ENST00000538220.1	558	363	1.3136	-0.0756484263202	0.567397143268388
ENST00000535716.5	563	423	1.2828	0.0749640452589	0.851955242675323
ENST00000322495.4	2599	285	0.4533	-0.217882681934	0.0105394185243015
ENST00000452436.3	324	174	0.7771	0.00320709968546	0.039116206732449
ENST00000652544.1	2919	294	0.8964	0.222609635407	0.435751294432845
ENST00000472227.5	1816	378	1.0799	0.142601744093	0.708658490464522
ENST00000377614.7	1890	462	0.5559	0.0987820949019	0.43840691940132
ENST00000451282.2	293	288	0.9514	0.0909344002031	0.311951681525807
ENST00000635438.1	565	78	1.1418	-0.16537351898	0.0170506010099254
ENST00000503395.5	1735	690	0.7609	0.234387775484	0.978984451562207
ENST00000290377.9	1563	1119	1.273	0.49463667494	0.999993823883144
ENST00000508529.3	1334	1119	1.273	0.49463667494	0.999993900947398
ENST00000548404.6	928	267	0.8831	-0.0186796923087	0.123317455154868
ENST00000550096.5	695	294	0.6844	-0.0154771976096	0.0901294596384444
ENST00000313342.8	933	933	0.9325	0.443784423277	0.999789555463386
ENST00000663163.1	589	528	1.2349	0.599841190888	0.997383490803592
ENST00000326391.6	1422	417	0.486	-0.0972884371514	0.103754400459325
ENST00000418424.2	324	72	0.7691	-0.223680150229	0.00318261130522828
ENST00000641781.1	3540	1074	0.762	0.228370847373	0.999666549745751
ENST00000641483.1	3547	639	1.028	0.213450297035	0.981385142419597
ENST00000474011.5	1482	243	0.9184	-0.285138395738	0.0228536202015401
ENST00000470054.5	1891	657	0.7995	0.116067975309	0.946776607273477
ENST00000499314.6	838	621	1.0177	0.177071909559	0.974812621239912
ENST00000500444.3	1805	1245	0.7964	0.0227392741443	0.999861525456974
ENST00000456027.1	575	399	0.9264	0.26209343217	0.80024644048951
ENST00000414804.5	522	171	0.6066	-0.00156440209939	0.0205841725318368
ENST00000444242.1	1191	393	0.7458	-0.0515875308722	0.224587616210019
ENST00000652562.1	647	102	0.799	-0.107291499295	0.00976060066109789
ENST00000439119.5	468	129	0.8058	-0.0594237419578	0.0180961983318997
ENST00000450626.1	357	294	1.2916	0.410257436742	0.915527496120626
ENST00000441139.5	3461	438	0.9618	0.14758096931	0.748956305782031
ENST00000651484.1	3118	288	0.5573	-0.171026872955	0.0199555245465847
ENST00000426329.6	1185	858	0.8454	0.0942409805141	0.994468777212029
ENST00000492533.3	413	273	0.9044	0.131640467187	0.293093017843905
ENST00000450661.1	962	183	0.7905	0.272598445435	0.189283040108137
ENST00000423084.1	748	129	0.6891	0.212525341864	0.0594590789419725
ENST00000414190.6	2337	162	0.6379	-0.249482959213	0.00423897940954737
ENST00000515341.6	1828	1407	1.2201	0.395420165476	0.999999452524058
ENST00000559768.1	578	549	0.9202	0.209414730212	0.938474374807792
ENST00000583364.5	563	87	1.2453	0.662330085419	0.806268512875479
ENST00000585017.1	567	261	1.1889	0.436493939468	0.859065249850332
ENST00000420064.1	602	189	0.7782	-0.0321312465758	0.0369908112316773
ENST00000449483.1	735	249	0.8408	0.0487143181253	0.131354988670003
ENST00000419462.1	1555	408	1.041	0.251124510943	0.853619257101788
ENST00000519039.1	641	408	1.041	0.251124510943	0.85977108658317
ENST00000649320.1	1376	306	0.9782	0.146978817484	0.446076724219331
ENST00000648904.1	1154	306	0.9782	0.146978817484	0.449086404139279
ENST00000650213.1	1092	306	0.9782	0.146978817484	0.449927621470594
ENST00000437960.1	408	306	0.9782	0.146978817484	0.459226108988096
ENST00000416673.6	2078	243	0.8563	0.0708053487259	0.136778233950444
ENST00000391616.3	738	243	0.8563	0.0708053487259	0.145687039775825
ENST00000407767.1	334	174	1.0824	0.0804943487658	0.157036725240272
ENST00000571188.1	543	90	1.112	0.114414984606	0.0891706239189928
ENST00000502759.1	1984	318	0.6235	-0.0946296083086	0.0570827535804923
ENST00000506739.1	1184	183	0.6389	0.0629251456914	0.0369053766541485
ENST00000511195.1	326	78	1.0262	0.000980590662427	0.0313624956149845
ENST00000510805.1	1989	426	0.8528	0.110860174148	0.6084825377774
ENST00000418136.3	578	354	0.9493	0.175032420007	0.60703098716209
ENST00000521854.1	457	183	1.2528	0.40195881103	0.721443900292612
ENST00000606507.1	370	141	0.9901	-0.221418381704	0.0147467058477964
ENST00000623554.3	1137	360	0.7268	0.0727212009129	0.285666958020221
ENST00000651050.1	1548	417	0.4989	0.0719458245577	0.251304319373115
ENST00000605269.1	557	216	0.8443	0.0584333561989	0.10179602896291
ENST00000649782.1	503	150	1.085	0.12367241408	0.156139323720137
ENST00000652665.1	960	465	0.6522	0.1302920369	0.589064634518741
ENST00000450250.1	898	465	0.6522	0.1302920369	0.589887302571394
ENST00000512016.1	3115	351	0.9766	0.135844971904	0.529586934286524
ENST00000514881.1	919	426	0.93	0.0584218699826	0.610049181856845
